# alphabio_phy abioa_phy bbioa_phy abioa_dia bbioh phykf phymaxqc phylmor diamaxqs diaVmaxs dialmor overflow zooCingest zooCassim zooeps zprefdia zoolmor mesCassim meseps mprefphy meslmor mesqmor mespreyswitch detqrem ldetphi phyrad0 diarad0 zoorad0 phybiot diabiot dfefloor kscav_dfe kcoag_dfe bsi_alpha aoalmor pbac_alpha lbac_alpha lbac_beta baclmor bacqmor
0.8948582594 0.9569271822 0.7859256308 0.2751844421 0.4871605936 0.0242853964 0.0825245894 0.6795511850 0.7909577660 0.4045934695 0.9673419491 0.8453530177 0.3400796905 0.8313296337 0.5951123927 0.7776284667 0.5637215715 0.8162278173 0.9152374089 0.7152342422 0.0318502232 0.0329112449 0.3779218698 0.2035081888 0.7226395461 0.5261577370 0.5636629330 0.3340631998 0.9161070450 0.6360170832 0.7350897630 0.1141398108 0.5165764952 0.2552342135 0.7910019042 0.4295873641 0.2409624620 0.4104103296 0.3960875034 0.0813556437
0.8422855177 0.8492908391 0.8353697802 0.3044765390 0.3881332136 0.0796203182 0.1432857495 0.7457589551 0.8523559916 0.1469827590 0.8947113426 0.7619550909 0.6661162967 0.7931244881 0.7883162073 0.3500685272 0.3966771624 0.8544431262 0.7739574088 0.9200839767 0.0665791857 0.0511327487 0.6490406673 0.0732204806 0.6354074310 0.4070145664 0.5818563997 0.5027401722 0.6746493157 0.2079123915 0.5848408860 0.2058464921 0.3043794754 0.4068361470 0.8147316170 0.3862816894 0.3060003238 0.5090373204 0.4878938597 0.1333696535
0.7044472912 0.9255330235 0.8499277356 0.2380718156 0.2202306011 0.1880191468 0.1883601359 0.6402692004 0.5613460673 0.5615967718 0.9722457744 0.6765352979 0.8003022092 0.7522137742 0.5108421397 0.7859884530 0.3788332273 0.6050814704 0.8570765924 0.8962840570 0.0557883692 0.0970096816 0.7053704523 0.0588730415 0.5771447073 0.1854170898 0.6191781849 0.2899187753 0.6502403299 0.3140704701 0.8256419344 0.2136288423 0.3769423317 0.6783329531 0.8433210283 0.5298767025 0.4054919371 0.2914636008 0.4925390723 0.2387926266
0.9184794583 0.9223875098 0.7016436222 0.5165791120 0.4925267238 0.2025666367 0.0891510298 0.6467591324 0.6705952868 0.2338536653 0.9823060917 0.6812833890 0.7250974232 0.8595460005 0.8639024838 0.6233565994 0.6205016502 0.8707441611 0.8790083946 0.8525606258 0.0327276997 0.0253840681 0.6510448743 0.0631437888 0.8461812902 0.5487295064 0.4864770334 0.5540746334 0.9012784866 0.6153183064 0.8223986770 0.1024295997 0.4937876023 0.2076946110 0.7847856115 0.2411969068 0.2469822045 0.3896209041 0.5088636675 0.1424590892
0.8620396828 0.9659931561 0.7082378665 0.2908322719 0.7859226194 0.0458996324 0.2094941943 0.7042066282 0.6118855781 0.4164635330 0.9549824776 0.6645134509 0.5131772665 0.8360821281 0.5937013306 0.5610348323 0.4871360907 0.8859156038 0.6959606855 0.8068449130 0.1046280097 0.0072867367 0.4910357915 0.0326869866 0.7929952043 0.6636740104 0.2675278217 0.6999192727 0.8450881728 0.4731864119 0.6908020057 0.2956185548 0.4443259130 0.3364150462 0.8073684161 0.3942214658 0.2632416524 0.4220643803 0.4673761154 0.2447685581
0.8466710808 0.9147081053 0.8063599442 0.3794439723 0.5665425728 0.1805745748 0.2491821511 0.6565251435 0.8562200090 0.3446545752 0.9642319788 0.6231710528 0.3637683693 0.7757487708 0.6682843538 0.5780156327 0.2917230930 0.8536731816 0.7415636006 0.8876617105 0.0167000872 0.0131290741 0.6267872817 0.0528535548 0.7484933879 0.4797008530 0.5876884957 0.4405965974 0.8092294381 0.6680841812 0.8830438906 0.0830411081 0.1693764836 0.3506588745 0.8693423585 0.2196922587 0.2398579309 0.5106433886 0.4842337270 0.0533699354
0.7709129777 0.9022419734 0.6172100238 0.4713056939 0.4981985662 0.0423018120 0.1505233114 0.6900911427 0.4087758823 0.3439049964 0.9645082611 0.6927459922 0.7917367757 0.8822757190 0.8184920372 0.4256866340 0.3011316952 0.8371405450 0.7996650201 0.9206538118 0.0730370553 0.0384753734 0.6324132826 0.0271841281 0.8465870576 0.3295777972 0.8041854134 0.3322017876 0.9335956237 0.5380253350 0.8939304620 0.2820859136 0.5371730570 0.2284706225 0.8531788198 0.5612578111 0.1258406613 0.6808627152 0.4032043382 0.1322813737
0.7070858099 0.9396315683 0.8181785059 0.4673616349 0.2882059077 0.0896632068 0.1664973848 0.6508607671 0.5872967152 0.1894162632 0.9875699235 0.6627867021 0.7891192501 0.6974928059 0.4580066117 0.5636321243 0.2742147328 0.9038538755 0.8762857758 0.9352365702 0.0750759956 0.0250290590 0.5272755639 0.0708204890 0.5383205915 0.4036219085 0.4694398719 0.4577820547 0.9195803132 0.5331239547 0.5420065765 0.3640333962 0.1745408676 0.3661514571 0.8672420230 0.5282751807 0.3574902160 0.5758231340 0.4748710025 0.1889051397
0.6163137482 0.8804650967 0.6978339806 0.3405748878 0.3842175452 0.3106528306 0.0553820457 0.6183958353 0.7656915897 0.5279470761 0.9269002904 0.7160627833 0.6158781073 0.6719983736 0.7826790679 0.3444206985 0.4601586556 0.8784005297 0.8271039371 0.8570215760 0.1064348015 0.0786682436 0.7488640904 0.0366602476 0.7844428749 0.5040157294 0.4162301410 0.6382928791 0.6455741088 0.4006586944 0.6661322020 0.1565540323 0.3798238953 0.3989124562 0.9355330991 0.4286238083 0.1484429494 0.4578696016 0.4552900248 0.1091329038
0.8930456081 0.8507604840 0.4922528367 0.3520332431 0.4071280903 0.0547258422 0.2588625261 0.6915907044 0.5292575531 0.5992372366 0.9007728587 0.8163181063 0.6523038538 0.8205730431 0.6447565589 0.7588112554 0.3067968215 0.7765601259 0.8883482163 0.9221708798 0.0516678172 0.0439669840 0.5947258174 0.0594259076 0.5984900089 0.6713911421 0.4638749590 0.5384423361 0.8663979223 0.3108049596 0.7508052626 0.2895069302 0.3757667457 0.2243048602 0.7924353461 0.3171337655 0.2237558403 0.4421641512 0.5130034462 0.0819119265
0.7729611565 0.9170021529 0.4514631882 0.6421494677 0.6256592207 0.0484135080 0.1113796997 0.6029797727 0.7245152063 0.1320493432 0.9465646957 0.8938511375 0.5908459276 0.9169139826 0.6860655002 0.4107633646 0.5588937007 0.9365487722 0.9121522760 0.8473794236 0.0340229239 0.0361611167 0.6959227608 0.1369107843 0.5374961797 0.3344376393 0.5206242796 0.2799050535 0.9044439421 0.7419652140 0.5076940280 0.1010596653 0.4499103223 0.2231279393 0.8535406256 0.7839583975 0.2216599869 0.4501750507 0.4689587423 0.2695619903
0.6761898085 0.9074827648 0.8196734224 0.4203424074 0.7013733531 0.0959771578 0.2473961327 0.6155882742 0.5748227581 0.2438535560 0.9479669998 0.4912662804 0.5745418990 0.7042614052 0.5108217834 0.3857615858 0.5607142135 0.8837086015 0.8927601875 0.8370906398 0.0895700536 0.0592546573 0.6710382040 0.0463141184 0.7103031556 0.5477046129 0.4498980562 0.5151622282 0.8489862679 0.2892876513 0.6722648246 0.3623380069 0.2363145688 0.5426102183 0.8267932984 0.5353160041 0.1940187229 0.4269317983 0.5338670672 0.0462850642
0.7205602466 0.8733812606 0.4329165805 0.4826988028 0.7225891580 0.1384775316 0.1466472006 0.6728226710 0.8463474266 0.6096083581 0.9034081469 0.6461859550 0.4217431809 0.7051862655 0.6354280141 0.5959804207 0.4492565003 0.9491033369 0.9502710796 0.9319159285 0.0809107681 0.0201596379 0.7966868696 0.1000092465 0.6793908126 0.6190693261 0.4910835632 0.4870236712 0.9516523287 0.4966658712 0.6181951676 0.4485445637 0.2502665239 0.2821309876 0.8378926376 0.5795569899 0.2259170354 0.2119055010 0.4670679615 0.0905639984
0.8098856656 0.8992519375 0.5996151516 0.5354584956 0.8297287729 0.2447608848 0.0375226912 0.6919534081 0.7700863859 0.3897033920 0.9555908629 0.5571738664 0.4042725958 0.6569907599 0.6760046522 0.5684334000 0.4637413786 0.9409985758 0.8920331219 0.8106680940 0.0498951242 0.0616126067 0.4849082157 0.1675409208 0.8746944959 0.7569447887 0.5895668862 0.4235365851 0.8839740682 0.3911544791 0.8731162022 0.0999569420 0.4359365198 0.4103009568 0.8520441070 0.5127424643 0.2913470967 0.4923284753 0.4201125171 0.2049752963
0.6635578554 0.8990591327 0.6270082938 0.4691745147 0.8248823496 0.2805816251 0.0517319301 0.7234738855 0.5377412448 0.2314409376 0.8596429213 0.6339466238 0.4908989677 0.8724555470 0.6152726582 0.4800205966 0.3892186523 0.9253545038 0.9093048240 0.8136634205 0.0804928435 0.0063114509 0.4792167649 0.0923288713 0.6519484992 0.2932490138 0.4903159953 0.2877535372 0.6790760399 0.3869767873 0.6838076281 0.2815310843 0.2368163954 0.4086132874 0.8540933648 0.6511840826 0.2019068610 0.5010434639 0.4306742307 0.2161976306
0.8806421336 0.8921661296 0.5350892004 0.2518649765 0.7773611908 0.0351163157 0.1692136432 0.6271390120 0.7173684349 0.2536054078 0.9816149370 0.6078394822 0.7287078990 0.6960732191 0.5135079784 0.5570463517 0.3023887718 0.8933176441 0.9058427968 0.7834087560 0.0296718430 0.0433657127 0.5851841788 0.0398553761 0.8243004159 0.7465246695 0.5099182877 0.8222556716 0.7287615717 0.5215175032 0.8003320946 0.2080506404 0.3457355371 0.5298862291 0.8881712869 0.7179055626 0.1641385272 0.4144818011 0.3434747785 0.2649463449
0.8570829005 0.9012926346 0.6169281348 0.3796733558 0.2516017314 0.0458465700 0.1432848516 0.5985388301 0.5544657735 0.4433339320 0.9167813299 0.5538351782 0.4400756093 0.7852787732 0.5497683819 0.3259154332 0.4918798344 0.8630989862 0.8876243529 0.8494033474 0.0588928489 0.0776765269 0.6400159870 0.0592040329 0.8046667817 0.5428860284 0.3092959901 0.3373475561 0.9166806808 0.6153794180 0.6739063163 0.2172441279 0.4280559531 0.4669234113 0.7894826770 0.4499533883 0.3997293738 0.5912413799 0.4901388350 0.2095623494
0.8473231748 0.9455516806 0.7878990959 0.2093670499 0.3099855507 0.1858013023 0.0480308961 0.7437914781 0.6598612362 0.4789663357 0.8712072508 0.7643677437 0.4877172349 0.9324072926 0.7449535211 0.5766813621 0.3223662835 0.7381665282 0.9005122992 0.8564458168 0.0960774911 0.0581922646 0.5843645940 0.0962800070 0.7798725031 0.6267684278 0.7091557543 0.3483500051 0.9582105498 0.6040874864 0.5437885495 0.2881592863 0.3996731965 0.5309009925 0.8355288603 0.5850525439 0.4802471872 0.4802786990 0.5451407207 0.0331228423
0.7653255137 0.8864464884 0.3679631049 0.4120110122 0.4121366503 0.0679577048 0.1851004185 0.6076340771 0.6772811519 0.4130142519 0.8900042214 0.6846170970 0.6214470163 0.5564132980 0.4383822299 0.3942710017 0.3143473885 0.8482270547 0.9271194066 0.8857263571 0.0337231015 0.0656008477 0.7512022253 0.0826277183 0.8640639987 0.2311789124 0.5139115294 0.3158389712 0.6753794371 0.6591528527 0.8321807016 0.2020612634 0.2631809980 0.4078771575 0.7790941393 0.3712268332 0.2416140631 0.3618875762 0.5317924906 0.2302191048
0.8231873277 0.9760184909 0.8149422425 0.5804110667 0.5217506660 0.2208985594 0.2180474219 0.6154327378 0.7427840170 0.6665570062 0.9132830096 0.8272404871 0.4814964933 0.7992701666 0.6875628597 0.3954784468 0.3945373930 0.8952773711 0.8355394072 0.8242332971 0.0482962577 0.0281839237 0.5585537837 0.0344261523 0.6877862963 0.5024668691 0.4835144343 0.5291385331 0.6766589608 0.4009756364 0.3715159121 0.2432207131 0.2968983228 0.3328854367 0.8254313422 0.5662240498 0.2059077541 0.1686940020 0.4695899384 0.0937081536
0.8112596108 0.9725058288 0.8245413316 0.3634678234 0.2761616428 0.1493484044 0.1302321770 0.6298051918 0.3290977154 0.3652935524 0.9180804381 0.4456143371 0.4512511882 0.7877207029 0.8745973496 0.3278104018 0.2596972733 0.8429597535 0.8700862931 0.7498433155 0.1159142111 0.0621191286 0.4555657582 0.0735775593 0.6803332017 0.5524967564 0.3532309586 0.4767947237 0.9023902827 0.4735177680 0.4801663289 0.1215783414 0.5618439756 0.3116498112 0.8543968867 0.4573930632 0.1123175198 0.2117326207 0.4081127824 0.1398320204
0.8292455609 0.9174592425 0.6452049067 0.3389688427 0.6778627147 0.0416927092 0.1244834240 0.6595340498 0.4953721333 0.2890671992 0.8686412577 0.4813168428 0.6264306713 0.8583461880 0.4025707958 0.4261298564 0.4250394916 0.9147351383 0.8444429127 0.9322135077 0.0849251681 0.0382850248 0.6332553914 0.0884148995 0.5653112930 0.4133477761 0.5883007665 0.3825921058 0.6510991538 0.1726546812 0.6647488123 0.1656238254 0.3401362628 0.3062888485 0.8631466328 0.1465844589 0.1055102259 0.3580851843 0.5531882724 0.0875697682
0.6077752451 0.8923238546 0.5214861104 0.1596899743 0.5498028802 0.2001298466 0.0381889562 0.7203273591 0.6954760817 0.3581496033 0.9188287333 0.6529415573 0.5537228315 0.7420027212 0.5162611741 0.4255769330 0.4844274175 0.7095432721 0.9090999331 0.7975606460 0.1003023067 0.0432782204 0.7547293597 0.0490303649 0.6292273793 0.4716558443 0.6778147870 0.4706959436 0.6544056180 0.5884973519 0.7779498577 0.3749586912 0.1726692660 0.3209563109 0.7992278402 0.7807059008 0.2232980416 0.3960918820 0.3506351941 0.1839041844
0.7599528141 0.9254427535 0.7387641828 0.5851997118 0.5173207724 0.0520548638 0.1971468420 0.6943204684 0.6449734002 0.3111602953 0.9059297063 0.4925071195 0.6470394061 0.7590097115 0.6762051973 0.4812312733 0.5094528217 0.8072620936 0.8252697968 0.9438615825 0.0394030109 0.0098036603 0.7845376425 0.1001060278 0.8467193071 0.5223432819 0.3105973347 0.5767771548 0.9303752322 0.4054191493 0.6551518491 0.0885486368 0.2667138534 0.2111523590 0.8119518915 0.6948203094 0.4408289399 0.2808599259 0.4612125197 0.1228850611
0.5705737254 0.9649751105 0.4954053120 0.2100293520 0.3299991815 0.0961131262 0.1009361129 0.6853201862 0.6201580569 0.2618424645 0.9313655335 0.5970770241 0.7712175671 0.6708590610 0.4597863884 0.3468486206 0.4611378392 0.8394096246 0.9036505065 0.7453775656 0.1379568181 0.0170723554 0.7412903076 0.0253280184 0.7136028794 0.5216025115 0.3939225767 0.4002401873 0.9108843524 0.5087435666 0.4907219360 0.2421413131 0.3092504358 0.3230696091 0.7872506769 0.4050699856 0.3332099641 0.2919944969 0.5514188842 0.1946469967
0.7848748956 0.9413222553 0.6417763135 0.1647989176 0.3846783304 0.1228831691 0.2278599104 0.6114976826 0.3708734924 0.1705651060 0.9321307626 0.8790173072 0.4434615623 0.8430926282 0.6509080927 0.3485204450 0.5237861731 0.8210323600 0.9000811383 0.8604640157 0.0208462885 0.0382944312 0.6855589936 0.0581046588 0.6597157512 0.2157397431 0.3946063375 0.7353143854 0.9288129998 0.3343451201 0.6447032187 0.1085659120 0.6219287151 0.3101233487 0.7591492381 0.8732108334 0.2116832708 0.3106850772 0.4598630916 0.0543246001
0.7296684324 0.9599053155 0.8699388265 0.2770029489 0.3264946975 0.1117771765 0.1080405692 0.6386137239 0.5596508349 0.3083330200 0.9265869428 0.5717826438 0.7720372365 0.8529121530 0.6793652289 0.5170591990 0.4186216224 0.7089903579 0.9354589708 0.8542465129 0.0516864317 0.0097980665 0.7383626386 0.1395214563 0.5981573207 0.4750122202 0.5784968470 0.4130986999 0.8751649455 0.6276866268 0.6101031531 0.3627122422 0.2964780664 0.1495383700 0.7758877669 0.4185606000 0.4768806621 0.5345476623 0.3801491131 0.0529681698
0.6462538502 0.9250554760 0.9053880966 0.1851878414 0.6823273340 0.1552661129 0.1437776768 0.6531299696 0.7601578004 0.4712787116 0.9252004756 0.5663010450 0.7649266340 0.6555333682 0.6504424440 0.3030782349 0.5244272290 0.7302729014 0.7754998860 0.9240663626 0.0478925879 0.0536436576 0.7251959908 0.0480045098 0.7175409528 0.3615756287 0.7113566078 0.3518278973 0.7784558446 0.6264353931 0.3982641380 0.2349647338 0.1550164215 0.2696703551 0.8969083551 0.4831842111 0.2331690610 0.5294548169 0.4285810595 0.0959639551
0.6210797939 0.9387622470 0.7974808107 0.3455880248 0.5352438009 0.1466127141 0.0911846708 0.6062737197 0.3394065800 0.1428989164 0.8857481655 0.7087539713 0.7250674394 0.7539228269 0.5895747608 0.5844798621 0.4410114106 0.9090631837 0.8837884492 0.7128821869 0.0849585199 0.0639530143 0.5529376761 0.0988345464 0.7949789169 0.7367285236 0.5250184609 0.7794251726 0.9341176897 0.6652426327 0.7289330478 0.1734368048 0.3576637828 0.4738083941 0.7835499899 0.6818323772 0.1932102653 0.3688327199 0.5013282569 0.0245493610
0.8122548723 0.8847640115 0.6154410850 0.3645410061 0.6088667261 0.2952252513 0.0744399147 0.6272608911 0.5806357843 0.3424095381 0.8654089289 0.6851701016 0.6486971592 0.8824142487 0.6837028722 0.7660712140 0.3686687234 0.8341713054 0.8924970816 0.9411933998 0.1048975362 0.0751337111 0.6831433817 0.0682563209 0.6345417370 0.8134297790 0.4898295884 0.6537874805 0.7697962280 0.2331070538 0.5329663921 0.1269731945 0.2012371868 0.3862327519 0.9257966966 0.4122031909 0.2324979107 0.2836495298 0.3932389873 0.1498454803
0.6603726363 0.9516374148 0.7694485722 0.3011091161 0.4077832291 0.3145887951 0.1937597010 0.6321506809 0.8109587633 0.4350891248 0.9074205599 0.7107949793 0.6451084084 0.5341998704 0.6521890231 0.4695600072 0.5646273226 0.6718263820 0.9275533955 0.8528525718 0.0755028042 0.0119257334 0.7537630679 0.0554186584 0.8073076396 0.4096562721 0.6342054563 0.4313669265 0.7610158570 0.7972216172 0.6308334376 0.1844635078 0.2867508811 0.5072197351 0.7726831998 0.4797010548 0.1758424344 0.2492927910 0.5110681668 0.0706907963
0.9002078113 0.8666281241 0.7754752595 0.1736202681 0.4446749829 0.1151034773 0.1302651030 0.6021647782 0.3658772123 0.4183305941 0.9681365331 0.6432478605 0.6512832128 0.7231078394 0.5358959253 0.7221059310 0.3844152324 0.6402919696 0.9202718830 0.8672228464 0.0629454298 0.0786174483 0.5928145257 0.1729574195 0.7676643583 0.3367685096 0.6252937111 0.6747405770 0.9298555640 0.3786717303 0.7638469258 0.4550713029 0.5966187861 0.3708683500 0.8486385165 0.5728729505 0.4095520842 0.2334600330 0.4696690050 0.1189544513
0.8104050001 0.9466888449 0.6523701026 0.2150496171 0.4599355340 0.0390806445 0.1380160993 0.6622522248 0.7093856536 0.5106111915 0.9872295076 0.7860488949 0.6687498153 0.7989002811 0.6434681802 0.2773733609 0.2748724688 0.8314788970 0.8569663695 0.8470662465 0.0431249181 0.0102307384 0.7167295643 0.0590008056 0.8160630124 0.3650308063 0.4479507181 0.5075978590 0.8826933327 0.4087111806 0.7893850655 0.2092467203 0.4180988675 0.5408905350 0.8220654073 0.3043272315 0.2148138238 0.3716364860 0.4461590227 0.0358534871
0.7359495196 0.9663474027 0.7531752806 0.3244412048 0.6228805149 0.1667139117 0.2716767551 0.6848092514 0.5157527086 0.5333243891 0.9816792509 0.5330742303 0.3119360685 0.7351094456 0.7587352634 0.2172452164 0.3748188675 0.7349219686 0.8581348683 0.6410730954 0.0508625752 0.0330597512 0.6587978297 0.0451520406 0.6167369954 0.4909996441 0.4032164871 0.4331077895 0.9318459617 0.3794732999 0.6193160159 0.1954334620 0.1778661113 0.5006760652 0.8435280580 0.4676304095 0.3053772163 0.1992575442 0.4215957298 0.0507706820
0.8131701114 0.8485909136 0.3579847294 0.1813770345 0.6300980846 0.2763403190 0.2703606441 0.5882212811 0.7609439560 0.4714467497 0.9450552564 0.6618270518 0.8073091481 0.7135550275 0.6738918569 0.6014000013 0.4089434122 0.8832733955 0.7471541405 0.8434477379 0.0507630032 0.0639760573 0.6665940134 0.1704275080 0.7680671505 0.6996048696 0.4953549511 0.6734513488 0.7083096676 0.3886661069 0.6497214484 0.3070693833 0.3401406474 0.1947991110 0.8338414253 0.4146604201 0.2222603831 0.3515958953 0.5433908802 0.1331951869
0.5478114082 0.9363128746 0.5585077047 0.4297325834 0.3572553766 0.0763953192 0.2192829221 0.6534632593 0.7080028477 0.2079546753 0.9478258565 0.7421349184 0.6338631340 0.7734031449 0.6193933830 0.6234623052 0.4050755788 0.9010679012 0.9405718658 0.7681624811 0.0113588416 0.0103631767 0.4600725411 0.1260352842 0.5606230283 0.5000144862 0.6380754891 0.6183846975 0.9437845501 0.5054165560 0.6110806637 0.1657942062 0.2468988487 0.6739883423 0.8454278757 0.5783911971 0.4199818569 0.6768947677 0.4606449072 0.0722877421
0.9132623393 0.8370960317 0.7101252974 0.2613005257 0.7632243960 0.1036176898 0.0784555307 0.6983288569 0.7713086963 0.3572199452 0.9235000387 0.8026527257 0.7037641298 0.6770672543 0.5761322808 0.6758987664 0.4448400286 0.7596428905 0.7774145735 0.7964519871 0.0501580163 0.0077196176 0.7205321325 0.1128948591 0.6694625836 0.2331369962 0.6082744886 0.4087392907 0.8655331434 0.3745273878 0.8761917431 0.1813572630 0.2236724566 0.1266557645 0.8946158636 0.3085909989 0.2998113784 0.4126243120 0.5258412343 0.0575883028
0.7812817497 0.9505168712 0.5287024473 0.2974874940 0.2964935317 0.0963640349 0.1498601318 0.6920802189 0.4929629802 0.4149328488 0.9695641684 0.6405730986 0.5575270381 0.7923081570 0.4771697210 0.2348393751 0.5368165911 0.8592972166 0.8866023843 0.8829694011 0.0944001742 0.0081247057 0.7912288585 0.0230007390 0.7973162168 0.2129751870 0.5984642924 0.5452284184 0.8795379472 0.4452990625 0.5807057791 0.1527374718 0.3793078571 0.3947303194 0.8203969876 0.3728993831 0.2502484610 0.5592987164 0.4701339092 0.0598132819
0.8630082417 0.8334026288 0.5302076741 0.3273900830 0.7176790368 0.0323231677 0.2276212108 0.7048109443 0.6333955376 0.2695226114 0.9688079580 0.7069741466 0.3033224363 0.8354324604 0.5499539676 0.6328114104 0.3893427234 0.7306717526 0.8994528248 0.8436166149 0.0726924629 0.0355411304 0.4984159918 0.0323716887 0.7682749046 0.3697500743 0.6611183099 0.4438093535 0.9357632713 0.5465221278 0.5764373738 0.0994783556 0.3556343686 0.4984112449 0.7337448155 0.5960927530 0.1505348923 0.2603798962 0.3688444996 0.0576035805
0.6065015856 0.9746300209 0.8178320452 0.3341438942 0.2792389651 0.1516199873 0.1082800643 0.6494881070 0.7210187190 0.1677108333 0.9752133811 0.4832070141 0.6079364390 0.8040456258 0.4095276845 0.4471201442 0.4440256578 0.7846410966 0.8276220341 0.6864441257 0.0845475537 0.0607120574 0.6139750801 0.1047354555 0.5819397991 0.6756939788 0.4618252534 0.1183475126 0.7983669649 0.6377316504 0.6966587182 0.2915373829 0.4323384594 0.2893242319 0.7775739252 0.3235884575 0.4201067034 0.3265627717 0.4701658279 0.1331933268
0.7826256453 0.8500988864 0.8958084906 0.1028672353 0.3909514385 0.0827787435 0.0651985322 0.7059472536 0.5094414899 0.2615354918 0.9791815287 0.5515182995 0.6070345341 0.6308800737 0.8415590359 0.4115574465 0.4021948206 0.9187419631 0.7630901010 0.6726753942 0.0398580780 0.0132206120 0.4199613859 0.0417704486 0.8387606692 0.5519680739 0.4881815405 0.7894605828 0.8920788419 0.5628380284 0.5800058357 0.3803101920 0.5023521634 0.3955191069 0.8457133792 0.4674862772 0.2680614926 0.6585655565 0.4838817175 0.0503204619
0.7838696567 0.9770892158 0.7220345275 0.2153183816 0.6783541824 0.1847420378 0.2044705971 0.6223912536 0.5012987086 0.3488431309 0.9376829358 0.4832054679 0.5811934235 0.8679163814 0.5416772290 0.3353033252 0.5156546051 0.8484000093 0.7552515097 0.7357622491 0.0526914999 0.0130775555 0.3955025639 0.0437747839 0.4775423310 0.5260300991 0.3119541262 0.5203703177 0.8725989978 0.5214138223 0.5602821532 0.4046944908 0.2769563999 0.3001320176 0.8097737152 0.5968858813 0.1952683011 0.3690397783 0.4737999546 0.0820046319
0.9047341447 0.9594967992 0.8187230904 0.5094784038 0.3396611423 0.1999813700 0.1274633621 0.6390078591 0.3336167099 0.3322596223 0.9689828515 0.7531592356 0.5416647335 0.6741062816 0.7272716121 0.8642934408 0.3459216647 0.9181541155 0.9100864203 0.7381282840 0.0123423348 0.0395528219 0.8794443226 0.1334925104 0.7562735162 0.4194843809 0.6803690630 0.5415288471 0.9079970109 0.3204244890 0.5169325465 0.3858152058 0.5221781339 0.1709205590 0.8180458552 0.6260472359 0.4048150071 0.4695008565 0.5417819703 0.1486052765
0.8077644517 0.9335340459 0.8973315146 0.1007113637 0.4637880400 0.1960947717 0.1436374082 0.6117093506 0.8226114834 0.2430446808 0.9722019039 0.6080890390 0.4996958939 0.8483884566 0.5196411724 0.2427317364 0.3231794363 0.7585493323 0.8435220751 0.8728625216 0.0392082044 0.0188306486 0.6631313573 0.0514220491 0.9056639060 0.7497206921 0.5724710598 0.5421805710 0.9321179469 0.6257581464 0.7635270197 0.1894430453 0.3590889435 0.1162061813 0.8257635476 0.2742468857 0.1163649239 0.6986467206 0.5668515726 0.1100566064
0.7785430921 0.9573555506 0.5126167457 0.3620139199 0.4794139902 0.0947806881 0.2858146943 0.6517996382 0.6948012213 0.5432268939 0.9227077550 0.7519273371 0.6141871973 0.7436894271 0.5636575323 0.6647183914 0.4402717335 0.7926667323 0.7128568025 0.7321488772 0.0474361075 0.0526057871 0.6095279389 0.0254900098 0.7343789936 0.4255411470 0.4709736772 0.5207972409 0.8825062050 0.2221877888 0.7546026075 0.1369108465 0.2813667221 0.1928452974 0.7941257394 0.6823732439 0.2025919681 0.4291119517 0.5354056121 0.1275022891
0.7049074181 0.9588229265 0.6788730334 0.3561378839 0.3801479455 0.0769753255 0.1526256716 0.6428553224 0.6697084554 0.6323708744 0.9817329174 0.4808048149 0.5567014606 0.8524603768 0.6049014363 0.5603505032 0.4759561209 0.8308517284 0.8851696385 0.9353382721 0.0286699005 0.0806212194 0.5732105423 0.0214674735 0.8199421512 0.6701787913 0.3389237972 0.4046560525 0.6536907752 0.3870022665 0.7666541888 0.2583621746 0.4770986766 0.1948698336 0.8592945857 0.6027982779 0.2649453217 0.3411262952 0.4981773993 0.0633295418
0.7303063018 0.9757150353 0.6545172651 0.3080177785 0.5954978891 0.1728080451 0.1170874020 0.6224180380 0.7072191815 0.2530408250 0.8868459213 0.8002341821 0.8196477827 0.6878074015 0.5770287818 0.6088398073 0.5077435696 0.8331126505 0.7758944543 0.7464127972 0.0121873705 0.0559970734 0.8662238838 0.0730461803 0.7562619142 0.7174873313 0.6182550182 0.8046289351 0.7217268124 0.2457101523 0.8033811961 0.4516207096 0.1645124169 0.4011804927 0.8487311092 0.4295060976 0.2092170698 0.4218421336 0.4904313706 0.2317816706
0.7929217914 0.8777879582 0.4596799030 0.3384822183 0.6818878449 0.1893059593 0.1075165184 0.6927505408 0.6335122482 0.6367687357 0.9878501323 0.7893772549 0.4572446640 0.6793548248 0.7204447502 0.5962722903 0.4580903327 0.9574284504 0.9138515507 0.6850942688 0.0703515048 0.0686507878 0.5620875381 0.1009315435 0.8147609247 0.4932775155 0.6276152313 0.5520544468 0.9441336593 0.5516165970 0.6484763213 0.2977602343 0.3710529988 0.3637464028 0.8469017115 0.6250762156 0.2468674644 0.2077649914 0.5092696909 0.0910987334
0.7675448193 0.9330449709 0.7920389037 0.4658130327 0.6996604002 0.1097871331 0.1157807525 0.6328972629 0.6127342599 0.1421453654 0.9692477708 0.4992932903 0.5328375227 0.7836171182 0.8088511581 0.6871597670 0.5015865602 0.7119872157 0.7936196378 0.9340868402 0.0438152058 0.0361084026 0.7388443634 0.1570940039 0.7759645516 0.7160776420 0.5985710132 0.5754924275 0.9474808970 0.4347320637 0.8550447657 0.2041901623 0.4243036113 0.3352303978 0.8471004717 0.6051367044 0.1900622934 0.2502075850 0.4344239425 0.0691901252
0.5460934604 0.8370802791 0.6726969806 0.4969809814 0.4295194784 0.2245469297 0.0680899550 0.6271705162 0.6023419952 0.6315641588 0.8865934328 0.4335706306 0.5211058987 0.5836469251 0.7552877674 0.3425148704 0.4153250083 0.9117294493 0.7592935533 0.7799730497 0.0420746821 0.0630451281 0.5774506708 0.0299910137 0.7871317781 0.3976189711 0.4267672150 0.4814887709 0.9471718161 0.5450060616 0.7917664424 0.2801688501 0.2887994406 0.4408976592 0.8896191756 0.5426279145 0.1497883424 0.1454151511 0.5407999667 0.2179082219
0.8734398973 0.9365504440 0.6876972667 0.2824311101 0.5125366161 0.0467941435 0.1995383224 0.6029245152 0.6713316807 0.6648528699 0.9595010654 0.4714872702 0.6196324347 0.6956310699 0.5128609961 0.1162443032 0.2807425346 0.9138902321 0.7100434186 0.8227083725 0.0282593085 0.0160870553 0.4426154720 0.0402066400 0.6045604422 0.5693925233 0.7060679241 0.4035055982 0.6260325027 0.4255689742 0.8126594794 0.3203785601 0.4861895146 0.1295922277 0.8255673238 0.5241196673 0.1055120019 0.6015571263 0.5514782055 0.1406984527
0.8911536986 0.8591113481 0.5193492746 0.3044758971 0.3819397972 0.2183987238 0.2130977505 0.6483714258 0.4845915913 0.1337460569 0.8691817605 0.7965414197 0.6042163637 0.8393427338 0.7119064095 0.5415716480 0.3289218802 0.8504985357 0.8436928792 0.9511669784 0.0535728857 0.0102665407 0.7257724169 0.0862831225 0.8025743812 0.2677748477 0.6292964776 0.2434979940 0.7989230525 0.4697307734 0.7881571070 0.4161867213 0.2745911489 0.2682616696 0.9210527308 0.6086327342 0.1593359253 0.4797511827 0.4289259811 0.1311900680
0.6438202509 0.9295950570 0.5404353215 0.2756163102 0.3798836910 0.0392206537 0.0934176728 0.6314172903 0.7726443048 0.5019625633 0.9692556914 0.5842545705 0.6527731417 0.8660163320 0.5102421350 0.4365037364 0.2854221480 0.7967896531 0.8298697757 0.9482163360 0.0440813504 0.0462288963 0.3290135298 0.0618378886 0.6099566076 0.4894341389 0.5958214588 0.4347740475 0.9015277651 0.4705742586 0.6622696286 0.3155707376 0.4741809794 0.4889909902 0.7480377365 0.8846106708 0.4607630797 0.3384554108 0.5643151355 0.2103383036
0.8026991586 0.9306299915 0.8437432101 0.3531456081 0.3271591955 0.0483427574 0.0965360487 0.6400656674 0.7347394597 0.6932412420 0.9716234156 0.7010284774 0.7998653911 0.6228927853 0.7766569618 0.2990275005 0.3992702482 0.8425734398 0.8914791845 0.8986250505 0.0473956516 0.0094634618 0.7234681112 0.0789227147 0.9024578795 0.3637160911 0.5936221401 0.3373840293 0.8999462994 0.2326793048 0.6287324107 0.1832555882 0.1979945249 0.5882420951 0.8317471623 0.5327626378 0.2771746728 0.3067008100 0.5494399871 0.0342067188
0.6244929005 0.9151958892 0.4190674243 0.4237487683 0.7614578889 0.1188510623 0.2261573130 0.6216555841 0.5602301724 0.6115806762 0.9545995347 0.6610774399 0.5170011994 0.8789310629 0.6313379765 0.3440581925 0.4386671184 0.7811634105 0.8331006517 0.6696513428 0.0579815095 0.0707936400 0.5611442222 0.1760526342 0.6045474987 0.2417189082 0.7004992262 0.5711660690 0.6670757113 0.4598863564 0.6880629406 0.1338504804 0.2416512774 0.3285771856 0.8474190562 0.6525928840 0.2504575987 0.4851767606 0.4667436605 0.1919005259
0.8351618259 0.9236060831 0.5728639302 0.2700065902 0.7106760056 0.0347896141 0.0471382009 0.6947933723 0.6502787270 0.6941419561 0.9761992885 0.7748279283 0.6695573799 0.8559356595 0.5807910620 0.4258216997 0.4063374165 0.9017917578 0.8030674190 0.8690720006 0.0098205085 0.0491897246 0.7454566222 0.0887105679 0.6093077581 0.1345277075 0.7162549453 0.7032291768 0.8646898337 0.5403741181 0.5178640734 0.2059540876 0.3209480933 0.1848472467 0.8073057201 0.6139363524 0.2209867540 0.6311437361 0.5662572654 0.1461320068
0.7107575540 0.9551365774 0.6056806362 0.3072349455 0.6330820131 0.0325349752 0.1348632053 0.7340776353 0.4455848511 0.3900799428 0.8876711596 0.6822154054 0.3270288861 0.8751350171 0.5144407789 0.2499155719 0.4522109775 0.8375571690 0.7794732212 0.9582521225 0.1046907673 0.0811711176 0.7534645371 0.0689830341 0.8388786062 0.4223673018 0.5764926544 0.4112580194 0.7014756262 0.5029483897 0.6990039249 0.1500702724 0.4812757606 0.5023844121 0.7803462666 0.6851947129 0.3243203933 0.3387650918 0.3811924297 0.0815327804
0.8317877875 0.9593055538 0.6962401302 0.5569933900 0.5071281212 0.0207623053 0.1240991576 0.6555439526 0.8368818049 0.1935041143 0.9183583977 0.6860294963 0.5059703236 0.8335486789 0.4105758080 0.2349526757 0.4354483964 0.9270438509 0.7844779629 0.9487307112 0.0149680808 0.0232682489 0.7383358509 0.2138400611 0.6126256516 0.5375773051 0.5174744257 0.4263777568 0.8329119835 0.2639458607 0.4656791722 0.4384952742 0.2344759041 0.5658079340 0.8182782194 0.7793681453 0.1537711235 0.3471832138 0.3306873515 0.0642052655
0.8492254766 0.9191410573 0.7334673064 0.1715703083 0.4962253563 0.0986360907 0.1715507282 0.6751900850 0.7814071250 0.5623786056 0.9354458362 0.8833079386 0.5912617463 0.8279519447 0.5511619466 0.7360744118 0.4773554984 0.8659849673 0.9253172681 0.6944031686 0.0452576423 0.0338567774 0.3875962226 0.0247677711 0.6682229187 0.4816722563 0.4976597513 0.5752179827 0.7467036143 0.5518892951 0.3928329101 0.2088059895 0.4926607712 0.3191670591 0.7916593756 0.3485691582 0.1930448209 0.5798651364 0.4494009175 0.0409162278
0.8595724535 0.9343325766 0.6974903523 0.3472987617 0.5120806955 0.1806646731 0.0748534945 0.7164098864 0.7936804350 0.4200042050 0.8722410048 0.5400085469 0.3360328340 0.7911162505 0.7770520177 0.4160267074 0.4748273385 0.8414076028 0.7462985244 0.8136804689 0.0249608334 0.0536664081 0.7319907705 0.1793139008 0.7943616691 0.4107509864 0.6564319731 0.3185563061 0.6417312856 0.4084475127 0.8615227370 0.1963101425 0.2706195122 0.2585934551 0.8958499254 0.3301023330 0.3046320498 0.6087410747 0.4949611289 0.2364083710
0.6239476753 0.9741220902 0.4637037091 0.4352168776 0.5149049005 0.0298047397 0.1663526485 0.7748229668 0.5523091973 0.4204494886 0.9391907985 0.7875344790 0.6443125641 0.8229420656 0.7200050227 0.8245932575 0.3963800951 0.8844797654 0.9474122054 0.7871553482 0.0521787996 0.0192922937 0.8802518459 0.0818587513 0.5638932679 0.8469340961 0.5915949837 0.7497334919 0.6629316290 0.1847382803 0.7786888801 0.1561844875 0.3411792919 0.1579681501 0.7905427159 0.5361766707 0.2475484410 0.6261648560 0.4502504626 0.0464237539
0.8971961962 0.8449527461 0.5791458377 0.2356329310 0.4729077461 0.1465045610 0.1086680435 0.6709128371 0.4645719573 0.3335829354 0.9168710346 0.4670319771 0.6644760391 0.8916573674 0.8204341705 0.7932172423 0.4037618014 0.8389213386 0.7984676589 0.7079922287 0.0306574753 0.0376517157 0.5572048559 0.0821837026 0.5641022948 0.7608885799 0.3456995595 0.4412198264 0.9350912979 0.3256120554 0.7381152957 0.2589752676 0.3124375376 0.3921210038 0.7605038971 0.4791759751 0.3498697506 0.3364650198 0.5780066311 0.0647032639
0.6890595151 0.8441552863 0.8201956726 0.1705266869 0.3053327702 0.1967629873 0.1551229137 0.7221514561 0.4905765703 0.3999678553 0.9330072109 0.6785244954 0.6896640844 0.6354308482 0.4859695338 0.3135949680 0.4571719604 0.9220615378 0.7119351608 0.8939188485 0.0951281319 0.0465141217 0.5729030751 0.1752006104 0.7180582449 0.3005219644 0.3920200603 0.2799550574 0.8980166621 0.4852880763 0.6548927329 0.2131134934 0.2211403854 0.5881385053 0.8224659111 0.5293671112 0.4169043651 0.2550783583 0.4254862474 0.1494083650
0.5660319743 0.8345461789 0.7520051622 0.2294660045 0.3005303790 0.0506904259 0.0521654512 0.7274019218 0.4054389844 0.2330399700 0.9366640567 0.8107166116 0.6103497040 0.7289675772 0.6515865043 0.5979665199 0.4594964312 0.7431324647 0.7754270974 0.7720644365 0.0403708125 0.0881095165 0.7694615498 0.0827387886 0.6129972182 0.4644645065 0.6979661997 0.3364294431 0.9395101721 0.4091576554 0.7410189275 0.0936184555 0.5384239886 0.4336746715 0.7959338185 0.6457829176 0.3748790800 0.3882941412 0.4326811844 0.1542460117
0.8029346417 0.9420023326 0.7560911873 0.5476031489 0.7763873351 0.0472690685 0.1237401553 0.7000989400 0.4301894225 0.4877646407 0.9779475926 0.7353097510 0.6398740135 0.6171429124 0.5544691103 0.5425892622 0.3954764083 0.9418500998 0.6944011772 0.7971813735 0.0642847126 0.0539487350 0.5107404019 0.0723481756 0.6087633867 0.5647851717 0.6888853357 0.7532987537 0.8261313887 0.5635814217 0.8432045168 0.3776641093 0.3372616739 0.2841758765 0.7420402063 0.7521779232 0.1677732879 0.3374711906 0.5075503860 0.0492682148
0.7445745710 0.9077602590 0.7634404368 0.1240848179 0.4927465379 0.2108682759 0.1352132979 0.6510078701 0.3879138411 0.1915079977 0.9175867732 0.7408661773 0.5651621385 0.9023319983 0.6379815984 0.5853685702 0.3996318942 0.9042813717 0.8984321923 0.6845906067 0.0281724522 0.0127493132 0.7187869443 0.0496905400 0.4079997814 0.6079675621 0.7345838145 0.3812084143 0.8088339845 0.3749689924 0.7673448729 0.1595273251 0.4130088740 0.4163181118 0.8206153665 0.4654764891 0.1345051984 0.6012936271 0.3011483015 0.1840533549
0.8742655490 0.9563736871 0.7945030243 0.2532556557 0.7776307554 0.1967620308 0.0824921995 0.5913071085 0.8618517354 0.4818599446 0.9790470111 0.5973383824 0.3497088283 0.7692096494 0.5757723905 0.2754454901 0.4811421126 0.9133478396 0.8439179749 0.8436918854 0.0112757737 0.0331434322 0.7484324964 0.1085149861 0.6722935267 0.4424019415 0.5214956339 0.5712539236 0.7909176343 0.6017708937 0.7515056285 0.1830536241 0.3757409420 0.5248249988 0.8163824217 0.5995643939 0.1631637602 0.1900537146 0.5238043931 0.1093835038
0.8691534647 0.9437133944 0.4359378742 0.1549281554 0.3287894247 0.1199643097 0.0713634093 0.5672671042 0.3906278330 0.5617426645 0.9367602062 0.6583859803 0.4068507617 0.8282289523 0.5636115476 0.3456404388 0.4704269542 0.8338086962 0.8012221764 0.7227312180 0.0410549719 0.0410324121 0.4059142255 0.0927811033 0.6493417883 0.6150617261 0.6414967550 0.3235461284 0.8664546772 0.3979100929 0.7023270931 0.1144867384 0.3545401105 0.3432799888 0.7599972600 0.3509496764 0.3558771400 0.4631641216 0.4563080739 0.1956815514
0.7248636324 0.8932808122 0.6425680695 0.2144926230 0.5223934543 0.1953831288 0.0785851755 0.6529825827 0.4394871428 0.3561483383 0.9251858218 0.6394488298 0.6565184361 0.8670217194 0.6464294850 0.2566025915 0.3370079556 0.9089855863 0.8747321206 0.8247082021 0.0534386117 0.0142018868 0.6841630633 0.0423758762 0.4494547782 0.2993188504 0.6605661795 0.3492238784 0.7885885396 0.5320369854 0.6568639503 0.2252886889 0.3884603929 0.5162933421 0.8259385428 0.5140681716 0.4284002805 0.6193167445 0.5956430104 0.0383554305
0.9107553385 0.9705361565 0.7157361046 0.3998934953 0.3578168363 0.0386993132 0.1031635449 0.6550932714 0.7417054106 0.3720945129 0.9448814367 0.6926604060 0.8617071959 0.9325520713 0.5259586857 0.5440827985 0.4266398524 0.7856278321 0.8685741829 0.7152301714 0.0460517247 0.0303568302 0.6915882555 0.1183720084 0.7648755065 0.4258527890 0.4783878026 0.7034198129 0.8983985851 0.6160956706 0.7814683351 0.2861330674 0.5060029040 0.3110355681 0.8210165801 0.1835316041 0.4370603239 0.6995713669 0.5173407987 0.0319660415
0.7146467282 0.9549704166 0.6291233885 0.2752882810 0.3846384970 0.0905053959 0.0644426070 0.6446833756 0.6508481097 0.2934317792 0.9358451892 0.6733936332 0.3105853613 0.6679635197 0.6186936014 0.8344953763 0.5405875888 0.8946072944 0.9285513824 0.9501274877 0.1194976328 0.0215735075 0.5866184746 0.1057851488 0.7666453246 0.5987668947 0.3939625743 0.3176479507 0.9110807879 0.4419196980 0.8950989498 0.3860762020 0.4161899148 0.2952324797 0.8592321264 0.5015030508 0.1985709131 0.4702617725 0.3478867854 0.1364233152
0.7912457317 0.8812849796 0.8204883717 0.3820544591 0.1980686760 0.1695752730 0.2599127053 0.6646404270 0.7190580274 0.6919391090 0.9157629902 0.6240720396 0.6244952474 0.8564152100 0.6689096657 0.5760170561 0.2835365103 0.7244451477 0.9352384473 0.7160785992 0.0723861540 0.0127845492 0.7961730092 0.0664575657 0.4956450121 0.5539053495 0.7971957202 0.1774608789 0.9275767740 0.2341420303 0.6889283458 0.0734322896 0.3632032378 0.3884821123 0.7912147984 0.5185654275 0.3836205107 0.6624441544 0.3691963235 0.0476435081
0.7002820327 0.8986792577 0.6931404940 0.3892680337 0.2951026895 0.0656750184 0.1135584580 0.6625060884 0.6681561169 0.4838240818 0.9448984799 0.6153834281 0.6913457219 0.8806296841 0.5006306818 0.5957693165 0.5266163700 0.7857134897 0.8783172504 0.8502706214 0.1370476186 0.0355935681 0.5122173861 0.0154694115 0.6487887026 0.6717616788 0.2970314214 0.5004935803 0.7479888802 0.4990245762 0.6761218138 0.4762302819 0.3976753952 0.3388566780 0.7739231823 0.6090403936 0.2647614226 0.2250467765 0.3671123491 0.1123170996
0.9040727997 0.8897615419 0.7963576297 0.5016457099 0.7368788501 0.1738516965 0.2038530653 0.7093778938 0.7693309107 0.3147195518 0.8987593969 0.5917310968 0.7239689004 0.5987711637 0.7878676739 0.8297661997 0.3480256227 0.8244885703 0.9033176108 0.7408462990 0.0318518383 0.0151845642 0.6131771475 0.0735459081 0.8440583062 0.2224509994 0.5770065801 0.6904113081 0.8425067339 0.8067901966 0.6902202036 0.2869366276 0.3852637043 0.6741896731 0.9127771217 0.5650897626 0.3745875179 0.3607088164 0.5824440552 0.0272100949
0.6572322715 0.8555908606 0.8229999762 0.1136167744 0.4207655799 0.1124959725 0.2787052277 0.5980674442 0.6706764365 0.2422640246 0.9281750522 0.6388704255 0.6202818970 0.8460252866 0.6281784984 0.5790073168 0.4411759515 0.7903624998 0.8988566938 0.6750614588 0.0835546919 0.0411633699 0.7837244074 0.0160230398 0.7518885315 0.3362315595 0.5933872153 0.4229816319 0.7398633402 0.7524723049 0.6892314905 0.1369791238 0.3358638925 0.3597903877 0.8200395103 0.4386546249 0.2685474866 0.1490416791 0.5160706779 0.1734944825
0.5739785493 0.8529662180 0.7021061808 0.5039201365 0.5458832789 0.1732370984 0.0614533231 0.6199537914 0.6300385677 0.2600360511 0.9511380871 0.5398978001 0.6450343664 0.7418244288 0.7292479252 0.2133935767 0.4228025448 0.8089370868 0.8391895769 0.7431884943 0.0553627690 0.0153960838 0.5289734797 0.0258776943 0.6894172651 0.2245723337 0.6037606231 0.3025140158 0.6268274858 0.3644747727 0.9062398666 0.1141544683 0.3910611179 0.3085462944 0.7176019924 0.1428239212 0.1553759999 0.7077078203 0.4674150181 0.2157798996
0.7663054245 0.9746502573 0.8447930450 0.3995212399 0.4857518921 0.1043213469 0.1624934068 0.7004003518 0.6957721137 0.3525808530 0.9353594547 0.8043271001 0.6709672391 0.8219499196 0.6698625254 0.6937035926 0.2563717455 0.9057776560 0.8828208492 0.6584480120 0.0612867316 0.0520043472 0.7725212371 0.0712137620 0.7101116869 0.3479446546 0.4520873904 0.8245935378 0.8892604556 0.5929406115 0.7839368506 0.1404559949 0.3387430358 0.3121572401 0.8702329393 0.2922380804 0.1289985334 0.6163958683 0.4094890261 0.1923163148
0.9349203601 0.9108369909 0.7337185167 0.2415728940 0.4579726225 0.0854854055 0.2250493183 0.7118772871 0.6014929761 0.6524347052 0.9736030764 0.7172261709 0.7399909347 0.7881897081 0.6879466002 0.4416095036 0.5502568604 0.7694905498 0.7063998684 0.7131696627 0.1298239556 0.0167376851 0.4505352019 0.0266665198 0.5937733609 0.1370202567 0.6175955738 0.5783734486 0.8485737635 0.4246613507 0.6625754864 0.3821993831 0.4381129990 0.3731184893 0.7646181851 0.8071528629 0.4650214686 0.1800512175 0.5558877411 0.2471557078
0.8898713349 0.9019440774 0.8224141331 0.4622076146 0.5129645355 0.0591606717 0.1585525340 0.7681489355 0.5586531425 0.4844267941 0.9156703062 0.5301110902 0.4238086430 0.7089979369 0.6900251761 0.1373678857 0.4297739491 0.8913280019 0.8926966076 0.8424413361 0.0660258631 0.0713494380 0.6616042384 0.0500984783 0.8233616302 0.5016876810 0.4332013738 0.6814159252 0.8931169734 0.3286340318 0.6676987841 0.1390670764 0.5617746728 0.2975311358 0.8620128704 0.7423504223 0.2323444093 0.1663185911 0.4098253133 0.2173572022
0.8546304098 0.9510024681 0.6301618233 0.5051596462 0.3447783942 0.0573493358 0.1178093898 0.7178180773 0.6094531665 0.2583995762 0.9848287774 0.7432861627 0.7809143719 0.6547864366 0.7551877234 0.5029042141 0.5705529070 0.6891688720 0.9354401847 0.8836302478 0.1027498549 0.0081944039 0.4471399331 0.1078936318 0.8610794578 0.5114908065 0.6609390418 0.6183694746 0.6682548679 0.5509590695 0.6912496003 0.1931657630 0.5523752025 0.4574525118 0.8451206967 0.4225365285 0.2120109712 0.3633781538 0.5200215219 0.0966414460
0.8896214287 0.9279262510 0.6997151025 0.2801370309 0.8396116528 0.1736016966 0.1181761538 0.7221833088 0.4649460326 0.5701827264 0.9704464227 0.7941343469 0.3285747414 0.6449509540 0.6577628366 0.7580309903 0.3877718762 0.8953481513 0.7101063378 0.6826014296 0.0747998388 0.0362738106 0.7241290714 0.0543835089 0.8595646764 0.5691304941 0.4345620574 0.5892549722 0.9573228947 0.4864906734 0.4575845142 0.2878147748 0.4650870796 0.3068879852 0.9220742806 0.3878071243 0.2135295283 0.3226740701 0.5306391785 0.0882981095
0.8903741776 0.9746516079 0.7125915822 0.5475800670 0.6588745513 0.0428088378 0.0509735157 0.6329647992 0.7281909282 0.3182626205 0.9846392939 0.5855839391 0.7284930646 0.6371064470 0.5618231705 0.3869596137 0.5305403445 0.9004351794 0.9064899149 0.8273619720 0.0190006732 0.0236255295 0.7608746431 0.2257152856 0.6024572374 0.4509586630 0.6088398477 0.4507998026 0.9565823744 0.5004196077 0.7265238406 0.3795857486 0.3838222996 0.3081678254 0.9201983344 0.4737020390 0.2195394760 0.5749239559 0.4362008526 0.2143247830
0.7923813246 0.9570814090 0.4829700875 0.3453887042 0.6124529299 0.0376446740 0.1376421263 0.6440064315 0.5173663675 0.5639017244 0.9747301546 0.5402856046 0.3870705240 0.8193763730 0.4852551557 0.4965907404 0.5534928887 0.8129304541 0.9266618641 0.8659729492 0.0714610240 0.0183318594 0.7842349058 0.1730218064 0.6458887789 0.1320384303 0.6412325157 0.4221626884 0.8246524462 0.6324552258 0.8147244595 0.2670131104 0.4348490534 0.4040090770 0.7781528365 0.5850092215 0.4533259177 0.2775582299 0.4833342160 0.2287510183
0.7244017372 0.9172272184 0.6572127517 0.3939111447 0.4873021754 0.0520442203 0.3002030541 0.6264851556 0.4542455806 0.2681440738 0.8969318310 0.4056069229 0.4700444081 0.7407590848 0.6556239167 0.3358147665 0.4514495235 0.8867813683 0.7681455963 0.7566140529 0.0483686997 0.0328992932 0.8677199631 0.0954178162 0.5651025406 0.5769600170 0.4189423629 0.5990461010 0.9254519018 0.4209626492 0.7698852628 0.3104641074 0.2496959703 0.1710874903 0.8576634706 0.4379124964 0.1208488596 0.5402682280 0.4163628554 0.2580673569
0.8603959551 0.9007656902 0.8482290548 0.6193702844 0.3211801959 0.0518895882 0.2670208061 0.6698908931 0.5097910802 0.4223787787 0.9472932403 0.4624182399 0.2785840376 0.6921107994 0.4643585937 0.2358736727 0.3619997515 0.9244657800 0.8466011596 0.8061089516 0.1072542064 0.0641867544 0.7223207675 0.1965445828 0.6442471280 0.2318072383 0.4437878336 0.5989155644 0.7483043150 0.5514713454 0.5852101244 0.1055607342 0.3483188343 0.4223985245 0.7847385021 0.2467447828 0.1456892724 0.4305465438 0.4566416365 0.1700989749
0.8323794270 0.9804523876 0.7495999147 0.3172487845 0.7406672496 0.1967560298 0.0522493842 0.7371187519 0.7486614462 0.6334731203 0.9020339740 0.7637829189 0.5843395431 0.8320497839 0.5487326826 0.2605440218 0.4790612445 0.9020983683 0.9253199239 0.6717951029 0.0862441667 0.0742912804 0.7532257940 0.1568321914 0.6559195844 0.6930568625 0.6394835047 0.7742553496 0.8963501421 0.4338085618 0.7902458111 0.3833889844 0.2808172156 0.3550749985 0.8312701127 0.4590187037 0.3586751391 0.3669511291 0.5884065547 0.0555996015
0.7455375421 0.9495398004 0.5381449472 0.4819347152 0.4305205917 0.0912752063 0.1754018011 0.6369515197 0.5514032953 0.2738723763 0.9731498960 0.8805765535 0.5393321721 0.8308914757 0.4603129512 0.6044386526 0.4498535568 0.8098765593 0.9348776446 0.7508059499 0.0173198880 0.0226607416 0.6675174709 0.0557416197 0.7687409328 0.1851426806 0.3528448409 0.5284776477 0.9283082081 0.2291878182 0.7877117199 0.1344668342 0.1173074253 0.3342773025 0.8259564101 0.3887706326 0.2688759301 0.2696643172 0.5176396297 0.2386673072
0.6149757288 0.9762686372 0.6293178417 0.3030937626 0.2266259875 0.2926011490 0.0962074342 0.6631473343 0.6864751415 0.4609680804 0.9528882282 0.4598994709 0.4529869341 0.7948013937 0.6395842541 0.6914426473 0.5648417951 0.8341293989 0.7309469261 0.8348642935 0.0194766909 0.0145944832 0.8149103202 0.1268308320 0.5829995216 0.5123816819 0.4199158987 0.4070484552 0.9140901560 0.4387858173 0.6188667929 0.0934399074 0.5594019445 0.4554538878 0.7292035104 0.4224555839 0.1492240217 0.7542867667 0.5489169752 0.2399759731
0.8541787064 0.8445733134 0.5474491959 0.4748741026 0.4310123511 0.0457207762 0.2377793367 0.6304976964 0.7557121693 0.7297600750 0.9166231845 0.7593124815 0.5865418893 0.8979958438 0.5159424438 0.3141392737 0.4262368003 0.8979945742 0.8044570307 0.9587317966 0.0148639976 0.0516933044 0.7135298889 0.0330332245 0.8635879702 0.7166253081 0.5312296947 0.4957893578 0.9134402495 0.7286871779 0.7580553056 0.4807895589 0.4863785068 0.4775146618 0.7019613425 0.3283556845 0.1038480171 0.4563726996 0.4902689497 0.1432850248
0.7030224273 0.9651984821 0.3885911440 0.3929606252 0.6435360644 0.1468279170 0.0535120956 0.6105192190 0.3941845481 0.2316945385 0.9817596451 0.4855454956 0.5676845002 0.7514613184 0.6568302846 0.4037465090 0.3825436400 0.7812034801 0.8816323655 0.9613383430 0.0492175969 0.0405329952 0.7996380575 0.1134297169 0.5240106407 0.5301306504 0.7175927244 0.5484156166 0.8240654531 0.4800455766 0.7542383081 0.1133654576 0.3578817152 0.5350513090 0.7303494272 0.5695893800 0.1794107685 0.3880793243 0.4210549441 0.1988785157
0.9043571230 0.9393064612 0.8529486640 0.2651807833 0.5525331647 0.1011061725 0.2535087531 0.6150098824 0.7153219927 0.1997554076 0.8915034505 0.7142785261 0.6980348045 0.8656105258 0.7174445662 0.3498187936 0.3383306024 0.9027028043 0.7666028798 0.9555322117 0.0156528718 0.0170439001 0.5535027242 0.0802276491 0.4012004165 0.5460132190 0.5661214366 0.4695315086 0.9152834371 0.2919885561 0.8239545988 0.0956471237 0.2796799277 0.3047419217 0.7501365185 0.5107981226 0.1891645051 0.3648096316 0.5211305521 0.1197659723
0.6938199577 0.8456095550 0.6788568215 0.3333772635 0.6176320612 0.0902070936 0.2130169478 0.5846373013 0.5407970556 0.4508307267 0.9509528033 0.7618199383 0.7591562517 0.6190302721 0.7302571393 0.1927030130 0.4822393071 0.7920851537 0.7978742410 0.8220039744 0.0745314184 0.0554372153 0.6643026249 0.0185218737 0.8375559752 0.5808064403 0.5067895311 0.6414706970 0.8851115672 0.5606241127 0.5467149685 0.2534869548 0.4139404931 0.2876108451 0.7754132334 0.3944082158 0.0864163212 0.6189306197 0.4824729668 0.2381791974
0.6334541471 0.9327978540 0.6136942715 0.3028348607 0.6430239755 0.2167101267 0.0679457635 0.7410444783 0.4933615998 0.3036367422 0.9651439761 0.6366558695 0.6557051769 0.8428741797 0.5722616461 0.5219762420 0.5845054343 0.9031040847 0.6663172538 0.6780883812 0.0550370930 0.0360635013 0.7401566651 0.0499140209 0.7910335289 0.2979162229 0.7620673125 0.5354128745 0.6957845429 0.7448141061 0.5831791975 0.1472563127 0.3363291124 0.4527878756 0.8950988425 0.5221587556 0.1771329900 0.5583990541 0.4018412794 0.0393246226
0.8745773695 0.9455961554 0.7378990012 0.1941717982 0.3604332459 0.2753127916 0.0570752501 0.6441514632 0.6874487085 0.1890525842 0.8775188343 0.4109622687 0.4253348914 0.9298301621 0.6396023581 0.5901211437 0.2768328206 0.6970665368 0.7417332196 0.7899474157 0.0909200412 0.0460221997 0.5358465558 0.1901060521 0.6658347687 0.5774735240 0.5340494649 0.1549493662 0.6852362849 0.6886384501 0.7117448435 0.0947647770 0.4572384006 0.3879528990 0.8134446022 0.4970724255 0.3363290694 0.5522997035 0.4641251589 0.2013663996
0.6511305843 0.7958902257 0.3477504586 0.1533432179 0.7438291357 0.2157788183 0.2120935634 0.7088346901 0.7857136287 0.3573389305 0.9541748953 0.7151833155 0.5217718508 0.8685173236 0.6434338922 0.5643227650 0.4926496247 0.6684018509 0.8546242981 0.7580244811 0.0306226828 0.0259185697 0.5406258761 0.0553354866 0.7563684228 0.7043307951 0.5235905962 0.5289862054 0.9043643173 0.5127302063 0.4668875486 0.2435332128 0.6221808734 0.4109992637 0.8645094449 0.6444847443 0.3917946093 0.4556177756 0.5075526088 0.0337721668
0.6648282971 0.9134012500 0.5982261726 0.3124089557 0.4743750432 0.0546778717 0.0737288741 0.6810247609 0.5346745957 0.4962346606 0.9729640143 0.8866993199 0.7719600073 0.8051438587 0.6196812638 0.4523877625 0.5556729393 0.9574670243 0.8729903881 0.6132069410 0.0517227131 0.0308075692 0.8639574228 0.0383576974 0.6022444931 0.8091741585 0.5156496957 0.5575868161 0.8688096090 0.4380606450 0.6853744940 0.3134201340 0.3113128882 0.3763905377 0.8747107261 0.7813196149 0.4176476783 0.6044579378 0.5252499941 0.0779340149
0.8155276564 0.9623335394 0.7746736163 0.1400475550 0.5601240929 0.0594313005 0.1377010107 0.6144494977 0.6468489802 0.2835837468 0.8800141603 0.5947910703 0.3976163740 0.8167285305 0.6702359518 0.5226450990 0.3085937989 0.9149634252 0.8721740560 0.6877335465 0.0182818583 0.0159526214 0.6413180810 0.0390939374 0.5700402555 0.4765323888 0.4769210190 0.7353294212 0.8403646910 0.5160875044 0.8077027316 0.3313982794 0.2761174175 0.4861283066 0.8510336125 0.3044860946 0.2224946544 0.3388183441 0.4222511248 0.0454375838
0.8852048325 0.8861555274 0.7506472284 0.2428683326 0.1271810086 0.1474687311 0.2435050711 0.6115484892 0.5321264598 0.3018832218 0.9458682221 0.5618314730 0.5694665516 0.7413635536 0.5368639526 0.2735274564 0.3262582355 0.9175470495 0.8963548889 0.8309373899 0.0998136674 0.0550720375 0.5238118551 0.0784179442 0.7123905413 0.4320264335 0.4825136231 0.4638556521 0.9343195537 0.6256502884 0.5551391568 0.1007184800 0.2844068753 0.2382376168 0.7953123836 0.7072626483 0.2039553701 0.4949137947 0.5565297903 0.1032928099
0.6733379032 0.9140545579 0.8878536196 0.4409390147 0.8539339549 0.0711882546 0.1442637182 0.7041791373 0.6416896766 0.5591879738 0.9159314974 0.5238447283 0.7934898225 0.8291898026 0.8312330524 0.3222097882 0.4806455845 0.9340478093 0.8213740896 0.7954346768 0.0225143011 0.0147375088 0.5991701255 0.1495281167 0.6648938772 0.6190357265 0.6058052471 0.5309873322 0.8774375990 0.6539907872 0.7022323004 0.2265809244 0.2072138089 0.3764725442 0.8816695290 0.5926484427 0.5473943733 0.3760711736 0.4567834055 0.0603518502
0.7222500719 0.9115306103 0.7458454549 0.4337826396 0.3998113465 0.1686863934 0.1122040955 0.6259915421 0.6651173385 0.3765709320 0.9600965024 0.7031724148 0.8004516159 0.8496378948 0.4844337190 0.7522646903 0.4705496158 0.8225832777 0.7830803982 0.7333272804 0.0171926629 0.0572177749 0.6267480838 0.1286842754 0.7629069680 0.5175340174 0.3102307641 0.4898707276 0.8033722306 0.6273591116 0.9050679839 0.3428797439 0.3247761098 0.2246431104 0.8524930583 0.5863395697 0.3495387947 0.4488552516 0.4299873186 0.2430292664
