# alphabio_phy abioa_phy bbioa_phy abioa_dia bbioh phykf phymaxqc phylmor diamaxqs diaVmaxs dialmor overflow zooCingest zooCassim zooeps zprefdia zoolmor mesCassim meseps mprefphy meslmor mesqmor mespreyswitch detqrem ldetphi phyrad0 diarad0 zoorad0 phybiot diabiot dfefloor kscav_dfe kcoag_dfe bsi_alpha aoalmor pbac_alpha lbac_alpha lbac_beta baclmor bacqmor
3.5826123958 0.0000167352 1.0644325728 0.0000098659 1.0722153902 0.1984592714 0.0200837002 -2.0526857649 0.8515667055 0.0000031068 -1.0747233011 0.5163259417 0.7868423118 0.4916699366 0.0000051010 0.6695659596 -2.5053631039 0.4587194654 0.0000018465 0.6155507837 -3.7793257246 0.0000007685 2.5271898873 0.0000028100 0.8426393987 8.5558077605 101.5150147536 31.1409345088 1.7032152857 0.9615469212 0.0353279526 -3.1676717212 -7.7891038195 -9.6739896669 -1.6076128710 0.6133093338 0.2073851933 0.4239121095 -2.1516779513 0.0000002672
3.3026023396 0.0000170497 1.0739491713 0.0000110752 1.0683714681 0.3987638762 0.0198629528 -2.2413242470 0.6114271303 0.0000031497 -1.1830194283 0.7700971968 0.8187691662 0.5218694009 0.0000038327 0.5442024560 -2.3390248282 0.5588098961 0.0000017252 0.7450652602 -3.8890255937 0.0000012398 2.4912418260 0.0000040030 0.7910725928 12.2883457471 93.7472873206 20.9184287354 1.3415152024 1.0989095242 0.0271947611 -3.1783713011 -7.6899231139 -9.4910755892 -1.4877439013 0.7225282690 0.1997685673 0.3211191651 -2.1987498189 0.0000006182
3.6433954223 0.0000162097 1.0720174729 0.0000119909 1.0742479993 0.2288042253 0.0247046065 -1.7511781013 0.7785567062 0.0000018281 -1.0494998490 0.7517394909 0.8114731763 0.4976135429 0.0000029784 0.3861178162 -2.3474786543 0.5296049019 0.0000019661 0.7860516786 -3.7189885958 0.0000007121 1.7579275095 0.0000045762 0.7298642200 13.2835177642 93.5513225112 25.2786813795 1.8711626644 1.2310205155 0.0372876604 -3.0907968649 -8.4317288774 -9.3287394087 -1.5711228963 0.5416319088 0.0710941857 0.3470896442 -2.5454450632 0.0000003394
3.5250531145 0.0000152185 1.0595125514 0.0000108685 1.0707896124 0.2396327741 0.0223610011 -2.1026026973 0.8151587094 0.0000033906 -1.1229537010 0.5479841359 0.8414608360 0.5306490126 0.0000039778 0.6185739775 -2.5873979765 0.5651955821 0.0000018004 0.7323315234 -3.9173371780 0.0000010511 2.1447398998 0.0000028943 0.8474962464 7.9565412676 115.8481299800 19.2446012858 1.8764795568 1.0686731787 0.0284451204 -3.5638455869 -7.1951629219 -9.4364335169 -1.6188673579 0.5115979114 0.4712350279 0.4155627593 -2.5104104717 0.0000004050
2.8443201444 0.0000144297 1.0763493982 0.0000126054 1.0660163879 0.5104722031 0.0133632404 -2.1579787241 0.6526472112 0.0000033234 -1.3250352308 0.5980951529 0.8214398799 0.4119928476 0.0000031617 0.2717756501 -2.3310593682 0.5624671695 0.0000021551 0.6222705788 -3.8391123885 0.0000011734 2.3079713213 0.0000030445 0.9038878025 5.9324227594 93.5405247967 28.4759780474 1.7118110153 1.0297515786 0.0247838535 -3.6061331407 -7.7163654680 -8.8435659491 -1.3362073884 0.7125220504 0.2730736325 0.4257343066 -2.3120810327 0.0000002792
3.7662996883 0.0000155201 1.0733055306 0.0000111862 1.0662890545 0.3616056672 0.0138232722 -2.1128118622 0.6677233039 0.0000033512 -1.0648465351 0.6703542566 0.7242793556 0.4467089503 0.0000034433 0.6350116812 -2.7369272541 0.5569536686 0.0000015191 0.7223751480 -3.9304006667 0.0000011785 2.3961452000 0.0000020669 0.8914734986 10.5510309636 70.6547449264 32.2568541626 1.7162125519 1.1996099705 0.0360984311 -2.8995467997 -6.8736105208 -9.5028327608 -1.4228242088 0.4813499089 0.2145748602 0.1589143439 -2.1961203515 0.0000005273
3.5731856512 0.0000151694 1.0640549800 0.0000117121 1.0717323222 0.7921291860 0.0205988316 -1.7575353732 0.8799199567 0.0000016066 -1.1694321305 0.7001995707 0.7807628016 0.5161566482 0.0000035913 0.5424002861 -3.2676081839 0.5288025785 0.0000017376 0.8870859905 -3.8517577281 0.0000007597 2.6372756440 0.0000036467 0.8371489832 13.3596298939 78.0415911310 24.6597101979 1.3264826138 1.1802652957 0.0386454970 -3.3155915684 -6.2264826766 -8.6247748557 -1.5561748402 0.6544447572 0.2537516155 0.6740909572 -2.3988500007 0.0000005986
3.5914468802 0.0000165586 1.0727208899 0.0000082925 1.0667049786 0.3219797595 0.0189807160 -2.2160257402 0.6635698347 0.0000026268 -1.3094720026 0.6334053846 0.7352195688 0.4643371975 0.0000041994 0.2953728625 -3.0953590794 0.4955137970 0.0000018194 0.8781758948 -3.9374830853 0.0000006880 2.2358228974 0.0000018510 0.8704899948 12.1827625402 149.1282801892 19.7904782321 1.7371930836 1.3050664714 0.0416177184 -3.4454823444 -7.6877776950 -9.3739900633 -1.2633230648 0.2312662765 0.1025649692 0.4389259140 -2.9337439838 0.0000003324
2.9101073268 0.0000151271 1.0593690249 0.0000109263 1.0700585559 0.5820987994 0.0162709041 -1.8506751235 0.7161477730 0.0000025264 -1.3032284229 0.5348793443 0.7417967412 0.5217278760 0.0000033191 0.2669097488 -3.0221590688 0.5277355289 0.0000017845 0.9464570240 -3.9354592641 0.0000009242 2.5910975072 0.0000016351 0.8425236210 12.6404223877 81.5651752401 21.6150987240 1.6461932640 0.5778103907 0.0405002010 -3.7300124156 -7.0051817932 -9.4987863400 -1.6005587660 0.1203170427 0.1562729244 0.4444061102 -2.6701631227 0.0000007789
3.3137231390 0.0000162216 1.0766041778 0.0000097347 1.0769739069 0.4004270537 0.0181175020 -1.9441934457 0.7168725489 0.0000016584 -1.1132204804 0.5083811825 0.8533300799 0.4833143392 0.0000032785 0.6214544776 -3.0421892242 0.4671984493 0.0000018047 0.9174291401 -3.8159882255 0.0000007670 2.0252839573 0.0000044069 0.8679029308 10.2626916042 81.5993079996 34.6435351612 1.7901521741 1.2258703646 0.0416718173 -2.5503909231 -7.6816531993 -9.7019050044 -1.4125709630 0.5114817851 0.2785226669 0.3023431549 -2.3127648392 0.0000001997
3.2335922295 0.0000165889 1.0704749211 0.0000101462 1.0627162216 0.5305161501 0.0232306499 -1.8761516027 0.6593415462 0.0000020696 -1.3782500820 0.8288879490 0.7995762597 0.5461710849 0.0000029116 0.4121073642 -2.7845036178 0.5431650911 0.0000020368 0.8624773960 -3.9119577519 0.0000011269 2.2322509429 0.0000036799 0.8574034928 8.7354993802 115.3500617552 22.6695246808 1.3089060066 1.0331650542 0.0401795387 -3.7287656594 -8.2765072599 -8.8668633575 -1.7232301600 0.2534790084 0.2451251541 0.5260354244 -2.4050788646 0.0000002410
3.7023125646 0.0000163748 1.0702573789 0.0000105609 1.0634567823 0.4878090101 0.0246605424 -1.7397586058 0.8037276788 0.0000026110 -1.2405648886 0.6368626634 0.8713236944 0.5375831937 0.0000045070 0.7146710384 -2.5513789184 0.4746571306 0.0000018720 0.7121980596 -3.9330488192 0.0000008620 1.8480430180 0.0000020280 0.8841440164 11.2325636330 100.4906776837 33.4172552899 1.7909948035 0.6004448306 0.0393609886 -2.7643767211 -6.8075656788 -9.3417522592 -1.6601018079 0.8133614653 0.3396177468 0.5115082358 -2.4203468273 0.0000004648
3.4829442876 0.0000154227 1.0587909894 0.0000126986 1.0770591634 0.4073227084 0.0200093007 -1.8681975254 0.8026203305 0.0000035775 -1.3105415016 0.7436109472 0.7580421993 0.5021160731 0.0000041332 0.6278306125 -2.4810070147 0.5282956970 0.0000020189 0.8615155777 -3.6701022372 0.0000009246 2.4885316261 0.0000029660 0.8556748074 8.4031114616 154.0237094660 24.1498196443 1.5541952800 1.1577217171 0.0211817506 -3.3331088297 -7.3194566504 -9.1076553603 -1.6363996472 0.1419568313 0.2903739118 0.2390231600 -2.4600648549 0.0000005380
3.6178144060 0.0000167806 1.0735825848 0.0000129542 1.0707084824 0.8404542528 0.0177105303 -1.7836393943 0.7010294512 0.0000021052 -1.1847474716 0.6440645707 0.7779261388 0.5325909873 0.0000028887 0.5933359020 -2.6253657784 0.4542384431 0.0000021315 0.6640037377 -3.9609935185 0.0000007163 2.0090105723 0.0000023983 0.9284480746 12.8722792212 146.8352236853 20.5588740482 1.7633821251 1.1902546695 0.0381950216 -3.0296905054 -6.2974941656 -9.4947426006 -1.7659745067 0.5996799768 0.2714573534 0.4467939551 -2.6057678794 0.0000002916
3.3070028853 0.0000166269 1.0558325640 0.0000091738 1.0660304438 0.3343891379 0.0163868560 -2.1937223371 0.8217534932 0.0000039568 -1.1936031524 0.7631723185 0.7699272243 0.4709501351 0.0000028291 0.4046006994 -2.9752173730 0.5025188026 0.0000020134 0.8243477849 -3.8309624105 0.0000010128 2.1289446027 0.0000020697 0.8409441386 8.3190134049 112.3625912143 32.2069923132 1.7515467829 1.0399393826 0.0272525827 -3.4945687423 -7.1813975984 -8.2711509158 -1.5672417866 0.3790754426 0.3523088017 0.4738447464 -2.6136886224 0.0000004443
3.0631697220 0.0000166686 1.0631004130 0.0000109330 1.0743743527 0.2513765887 0.0194603850 -1.8971701827 0.6439294171 0.0000029071 -1.1594921976 0.4987167716 0.6856749467 0.5022900309 0.0000039237 0.5988670614 -2.5162236677 0.4924454611 0.0000020530 0.8118923666 -3.8361338967 0.0000007571 2.5107588256 0.0000019924 0.7075104599 9.2952866616 115.1959935886 26.9246141736 1.5084966965 1.2648613893 0.0246684472 -3.5972482165 -7.7973413607 -9.4769965251 -1.7087250046 0.7981012350 0.1175150504 0.5674694963 -2.3795347440 0.0000003225
3.4085723298 0.0000151662 1.0605475362 0.0000110154 1.0740870316 0.5441052172 0.0168821131 -2.0150443625 0.4966053944 0.0000036481 -1.2433984102 0.5138340120 0.7218364979 0.4578317059 0.0000035125 0.7734753145 -2.7821398126 0.5394338887 0.0000018944 0.8234273343 -3.9150755570 0.0000011079 2.3552976743 0.0000016911 0.7984801501 11.0472776243 110.3663223805 14.0019616642 1.6527917616 0.8684342992 0.0284446011 -3.1282783238 -7.2978164287 -9.2037170078 -1.5036003057 0.4494185573 0.3016855382 0.2998806584 -2.6920779340 0.0000004443
2.7743880898 0.0000151353 1.0719593212 0.0000094029 1.0702950440 0.6948650701 0.0200503574 -2.0159014764 0.7533692613 0.0000026971 -1.3949985166 0.7665100625 0.7763985640 0.5426469607 0.0000039791 0.2784582367 -3.2187880968 0.5547428315 0.0000017523 0.7742955958 -3.8637183571 0.0000006931 1.7365717474 0.0000026065 0.8544111308 10.9036670792 75.2117586634 40.4051680828 1.8456584039 0.7722170152 0.0411066826 -2.8671262267 -7.6995676124 -8.6523572136 -1.7099789969 0.1934381956 0.3107849376 0.5965773904 -2.4513864294 0.0000005092
3.6212686887 0.0000169810 1.0620675364 0.0000083552 1.0710422259 0.1888121446 0.0217821545 -1.8260814911 0.9096890916 0.0000027717 -1.1328742766 0.7755255381 0.6702112539 0.5380203513 0.0000037527 0.4288359607 -2.8419228822 0.4551885809 0.0000018678 0.8917991175 -3.9515569614 0.0000015374 1.6649852345 0.0000023492 0.8614103384 11.7669652065 104.3670327538 19.2848981807 1.7409855876 0.9116396685 0.0399491364 -3.5533620824 -6.5294762495 -9.3521415097 -1.7527547215 0.1928409658 0.1831631212 0.3958695232 -2.4293327059 0.0000008325
3.4730994932 0.0000159769 1.0738105280 0.0000076930 1.0679133713 0.3937322428 0.0140918859 -1.7464804255 0.5453298778 0.0000031372 -1.2076356725 0.5953333993 0.8531664018 0.5484886921 0.0000046567 0.3802945483 -2.8008814351 0.5601381758 0.0000021748 0.9267094491 -3.7773379242 0.0000011130 2.3385052347 0.0000025104 0.8634292370 10.5345568659 88.3066516149 24.6330010488 1.3436325152 0.9585967700 0.0436848872 -3.2627891540 -6.9339497157 -9.3327763388 -1.2332890539 0.5219516948 0.1626581321 0.2399457299 -2.3547631058 0.0000003903
3.5709291822 0.0000157295 1.0703435869 0.0000111606 1.0645429355 0.7504712233 0.0123531316 -1.9456649863 0.6418711223 0.0000045361 -1.1228085697 0.6080914141 0.6912177570 0.5448748239 0.0000035218 0.4601920075 -2.8473816987 0.5610093721 0.0000020219 0.9108495293 -3.9218216076 0.0000007549 2.1746209352 0.0000018461 0.8892240566 15.3105351060 85.7580893542 25.2907227028 1.6542148848 1.1721423999 0.0447656920 -3.2517660255 -7.4556142068 -8.7281134359 -1.4908576625 0.8347913602 0.1676745521 0.2459319721 -2.6722110358 0.0000005019
3.2161795668 0.0000161836 1.0562832762 0.0000099097 1.0707961575 0.6018297879 0.0157526120 -2.0389410174 0.7401992154 0.0000027508 -1.3297126055 0.6360767432 0.7123805911 0.5593435052 0.0000041089 0.6167242100 -2.4621833249 0.5083233563 0.0000018404 0.8777218062 -3.9283072890 0.0000006604 2.0458400299 0.0000041083 0.8080531486 14.1262261828 121.8448042546 27.3087218721 1.5717061517 1.3230239371 0.0423516244 -3.5305160906 -7.1906343837 -9.3273428242 -1.2813446135 0.8195483450 0.1633580681 0.2960239229 -2.4205425038 0.0000004583
3.7578910682 0.0000165313 1.0536415493 0.0000129745 1.0681423664 0.9550298324 0.0263926277 -2.0486090506 0.8137610984 0.0000028565 -1.4217085571 0.6260272366 0.8136863461 0.4635823803 0.0000029500 0.4946652036 -2.5066409923 0.5431800436 0.0000019408 0.8547098576 -3.8995967747 0.0000008476 2.4078600660 0.0000028553 0.8816701150 14.6597291946 85.2798360952 33.7088052545 1.7585656987 1.1941866816 0.0276833552 -3.0814030220 -6.9710152436 -9.7435464390 -1.5725294852 0.4285229842 0.2478791106 0.3324102097 -2.8738839742 0.0000003221
3.6708440684 0.0000170246 1.0571251362 0.0000098215 1.0714382543 0.4431389660 0.0212887135 -2.0735108964 0.5832108049 0.0000030801 -1.2566234385 0.5496971999 0.6819890542 0.5535086976 0.0000047831 0.5340768220 -2.5554953481 0.5159295131 0.0000021090 0.6357725209 -3.6894523420 0.0000007384 2.0996541564 0.0000038633 0.8876459524 12.0022809134 85.8317413608 11.4865802852 1.7454083735 0.7407755734 0.0420584673 -3.6074544603 -6.7578950716 -9.1885555392 -1.8380778552 0.4930205691 0.1441950103 0.4085145469 -2.8357515792 0.0000002926
3.5858507329 0.0000156891 1.0696247994 0.0000128282 1.0734217233 0.5305489705 0.0153285351 -2.0826791793 0.7060897744 0.0000035563 -1.1797434217 0.7531543541 0.8435924754 0.5113572009 0.0000049182 0.4228933352 -2.9841340647 0.4787526385 0.0000020421 0.9004819589 -3.7460150271 0.0000007763 2.3939598537 0.0000016405 0.8376778047 12.0483840104 117.1575671998 38.8850086369 1.2202657060 0.9242569209 0.0413547132 -3.1622469919 -8.0048388011 -9.6917677087 -1.5335779024 0.2792926598 0.2905605175 0.5174297071 -2.6044143088 0.0000008748
3.0173965536 0.0000169766 1.0722748194 0.0000096371 1.0635246474 0.3133244387 0.0262702151 -2.0716342719 0.7958694635 0.0000015971 -1.2005164643 0.5742769702 0.8067175228 0.4931730929 0.0000042142 0.3195061410 -2.4658422857 0.5301600471 0.0000019943 0.8564811752 -3.6560066359 0.0000013270 2.2388292492 0.0000028093 0.8358727501 11.8346028818 114.7895636124 30.3540820751 1.7420255876 0.7221328583 0.0419214791 -3.6420841653 -8.2475492090 -8.5298394370 -1.5412530707 0.5089713488 0.1331949125 0.2907393319 -2.9508642897 0.0000002723
3.3292680977 0.0000145493 1.0630477121 0.0000112516 1.0708063475 0.8356449496 0.0187682498 -2.2194115749 0.6989712210 0.0000028189 -1.0824533925 0.6972272590 0.6707549562 0.5101187084 0.0000037957 0.3983422440 -2.5684673313 0.4635648071 0.0000021292 0.7708949904 -3.8026233378 0.0000010417 2.0534202061 0.0000036111 0.7825140603 10.5148186223 90.0517813663 39.8449556756 1.8018463008 1.1642466371 0.0282962572 -3.1961932987 -7.9041246655 -8.9605031156 -1.8686256984 0.5420956995 0.0932564741 0.7345976639 -2.2590452300 0.0000006063
2.7185490546 0.0000163228 1.0728849685 0.0000080864 1.0674409474 0.3470579755 0.0188481554 -2.2290703266 0.6338665509 0.0000027221 -1.2061793886 0.4851786515 0.8011530461 0.4820564260 0.0000033950 0.6912173797 -2.9219722119 0.5625092964 0.0000020438 0.7914162975 -3.7988049190 0.0000007519 1.9923416408 0.0000020866 0.8382101368 9.5789229265 64.4526098671 34.6219680202 1.8168919005 0.8198607956 0.0271206142 -3.4196992443 -7.3747396501 -9.0287660417 -1.3572155840 0.3834426450 0.1937275752 0.2780990054 -2.3079078602 0.0000002466
2.9550434455 0.0000164772 1.0573961230 0.0000101554 1.0739822553 0.5923687830 0.0277332286 -1.9063409817 0.6366926122 0.0000044900 -1.1569335515 0.4624470368 0.7919637622 0.4737798084 0.0000043614 0.5478785431 -2.5882641650 0.5669965083 0.0000020310 0.9464414207 -3.8561080645 0.0000010042 2.1084681837 0.0000018059 0.8997644597 11.6960672951 95.7974237889 38.6618105699 1.3287472052 1.0411549553 0.0430245975 -3.2416068826 -7.2749956867 -9.3928304443 -1.5109342387 0.5476885178 0.1615847143 0.4485988332 -2.9624898089 0.0000006184
3.5139466168 0.0000150557 1.0722682575 0.0000112997 1.0676981626 0.3672772965 0.0139899114 -2.0523091994 0.7104329097 0.0000027556 -1.1386939573 0.6856675732 0.8122394948 0.4658843347 0.0000042092 0.4533099527 -2.6917599455 0.5577279079 0.0000017772 0.8768804365 -3.6876008202 0.0000007987 1.7915911069 0.0000019471 0.9208162604 5.4270036492 99.7008365927 29.4204588687 1.5660749542 1.2628007815 0.0289726891 -3.2662397818 -7.8473902992 -8.8872449214 -1.4408781269 0.7208399613 0.4820353978 0.6400801091 -2.3592960798 0.0000002632
3.5610232769 0.0000152043 1.0741244119 0.0000121793 1.0709415708 0.4625979188 0.0157835420 -1.7970823563 0.7297975933 0.0000026854 -1.4085431926 0.6030895410 0.8260897777 0.4307959475 0.0000033989 0.6443052257 -2.7212362574 0.5336844065 0.0000017014 0.8374844452 -3.8472515942 0.0000015384 2.1775115902 0.0000019635 0.8703114261 4.6792512781 136.6827109959 24.7163143009 1.6415415599 1.1509785745 0.0336589098 -2.3736039281 -7.3515250512 -8.9166189507 -1.5707468478 0.1174844701 0.1897891219 0.5655061536 -2.5476535032 0.0000008199
3.7528204602 0.0000160278 1.0718992777 0.0000114219 1.0704404516 0.5768614208 0.0203646892 -1.9878139042 0.8309224087 0.0000048331 -1.1615214372 0.6860574854 0.8054813888 0.5025714975 0.0000037762 0.2511826764 -3.0185698194 0.5331781262 0.0000021755 0.8760241554 -3.8895479525 0.0000006725 2.6180148349 0.0000023506 0.8138846003 14.2780393361 147.3516217272 26.4413196917 1.4682361684 0.8667630298 0.0353372307 -3.1900928084 -7.3089543918 -9.5729714980 -1.5117348656 0.3706636433 0.1698674652 0.4692731283 -2.4424426006 0.0000005272
3.1844632585 0.0000170410 1.0709203856 0.0000076484 1.0691210471 0.4291552610 0.0155747091 -2.2701797706 0.7703533581 0.0000026369 -1.2180810393 0.5025071658 0.7853234822 0.5463324095 0.0000037923 0.3911849920 -2.6694739877 0.5762263414 0.0000020117 0.8191670218 -3.8065957960 0.0000011592 2.5530287558 0.0000020758 0.8843464869 5.9939108830 112.4419495435 30.6139305768 1.6412213145 0.8967282918 0.0273920046 -2.6173090632 -7.9187574951 -8.5946108567 -1.6738513020 0.3591799766 0.1629734083 0.5006297643 -2.3212283788 0.0000002234
3.2332341312 0.0000164041 1.0727348454 0.0000094997 1.0715762517 0.7703542964 0.0218300521 -2.1753191522 0.7815739537 0.0000019622 -1.1912811316 0.7768245236 0.7403384591 0.5178949122 0.0000043923 0.3776404892 -3.0355475573 0.4949280499 0.0000019222 0.8358482713 -3.8367776700 0.0000012020 2.2328496566 0.0000019601 0.8930156530 11.1807950013 112.3813308277 26.1328543891 1.3471140914 1.1365750264 0.0222401431 -3.5196246973 -6.4109912079 -9.0327849003 -1.2245766927 0.2991069687 0.2072715964 0.2632263210 -2.5086819801 0.0000005322
3.3319379264 0.0000169895 1.0565149070 0.0000077741 1.0720753492 0.3763521779 0.0157719572 -2.1495890144 0.8953995759 0.0000020561 -1.3353314767 0.7075602914 0.8020236415 0.5055129890 0.0000041168 0.8332494160 -2.9547186112 0.4607543490 0.0000020073 0.7781517727 -3.9437321285 0.0000006909 2.3831474902 0.0000028847 0.8212707613 11.8819252349 130.5828687696 32.3137937104 1.4008446546 1.0580211278 0.0456708710 -3.3704703796 -7.0849326279 -8.7540426459 -1.6102784271 0.3305480169 0.2728636274 0.1511114332 -2.8614596598 0.0000004738
3.0097983451 0.0000167810 1.0621582638 0.0000082606 1.0705547356 0.5210881821 0.0145400309 -1.7400341710 0.7109536924 0.0000016911 -1.0891261486 0.7449262012 0.8628068032 0.4939764757 0.0000040504 0.5973935287 -2.9920796624 0.5336242160 0.0000016476 0.8270171317 -3.8798400367 0.0000007492 2.3774918748 0.0000015365 0.9057167420 8.3328129332 125.4859964421 17.2147595180 1.7714327945 0.6367161316 0.0420257106 -3.6821273115 -7.3841553229 -9.3362725240 -1.7267218049 0.5540115819 0.3374009308 0.3862570553 -3.1061475709 0.0000003315
2.9133506672 0.0000161373 1.0599865001 0.0000106553 1.0724392488 0.3342025104 0.0156963386 -2.1432520102 0.7084801695 0.0000010300 -1.0518529015 0.5254212068 0.7855232423 0.4985831015 0.0000040610 0.5547709411 -2.2886367711 0.5065341395 0.0000021039 0.8917426223 -3.8999791765 0.0000008801 2.5509077606 0.0000021071 0.7442270235 14.9120482533 94.9415979421 35.0038744549 1.5363254375 1.3592841374 0.0427581759 -3.2833143140 -7.2200859741 -9.4812040902 -1.8109129388 0.2812793558 0.2049283929 0.2351416679 -2.5547572220 0.0000002961
3.3377016155 0.0000167478 1.0680800890 0.0000108324 1.0765430806 0.3700809322 0.0181681529 -2.0266338539 0.8562724851 0.0000025868 -1.4079048437 0.5970963160 0.7968542170 0.4600798133 0.0000034910 0.1485404177 -2.8382776771 0.5056657045 0.0000017979 0.6450214484 -3.7216335079 0.0000013203 2.1078762762 0.0000030119 0.7018353975 8.2394965497 86.4484866545 21.0027926387 1.7912313792 1.0323818813 0.0318432794 -2.9145898932 -7.4987111176 -8.8839372400 -1.5025643957 0.6107425280 0.2793776624 0.3601758829 -2.2570921524 0.0000005504
3.0627243219 0.0000144765 1.0715487745 0.0000111409 1.0693257672 0.3881908034 0.0153719946 -1.7914331633 0.6566750234 0.0000036846 -1.1364911807 0.6120897638 0.7615609115 0.5380051505 0.0000036595 0.3494277741 -2.7818336838 0.4313301943 0.0000020971 0.9167380328 -3.8834523426 0.0000009890 2.1667354715 0.0000017680 0.7642396257 14.7397274515 114.4933741205 39.4732306309 1.3106415342 1.0051016939 0.0302593039 -2.5701106620 -6.5929153079 -8.7517941669 -1.2037362114 0.7098611796 0.2360048235 0.3078454481 -2.5111016018 0.0000005672
3.5035770090 0.0000150707 1.0699722794 0.0000117026 1.0701175277 0.2273175800 0.0149438435 -1.7375146019 0.7913597240 0.0000035404 -1.0938023345 0.6580733442 0.8120186301 0.4580057423 0.0000029147 0.5629084248 -2.8076417681 0.5370888118 0.0000019820 0.7754631046 -3.7343020905 0.0000010864 2.1717164667 0.0000018572 0.7754350202 13.2428668693 122.0672135187 19.5396054882 1.7193765376 0.7684354142 0.0347784334 -3.0800981277 -7.1216744703 -9.2278404487 -1.3259041800 0.7467292322 0.3675595397 0.6282378592 -2.6341928975 0.0000003266
3.3009213156 0.0000168229 1.0729080792 0.0000109615 1.0632633861 0.2117611272 0.0254661922 -2.1348639320 0.7978761768 0.0000013910 -1.2412890241 0.5894432864 0.8910260182 0.5269559391 0.0000043073 0.4540972788 -2.3714575887 0.4973791045 0.0000018398 0.8910225882 -3.8665668624 0.0000012131 1.8213078764 0.0000018168 0.9147319695 8.7960213592 90.1731832662 18.6486829147 1.6235247483 0.9328820959 0.0352885362 -2.9629966640 -7.2367193822 -9.6545478832 -1.4664075185 0.5702368435 0.2613647467 0.5983951419 -3.0007270270 0.0000006882
3.6248381511 0.0000167683 1.0609056209 0.0000112928 1.0728903675 0.5361175075 0.0169467431 -2.2547401205 0.5885354171 0.0000029802 -1.0879682088 0.4804670484 0.7022664115 0.5312940834 0.0000037505 0.7468958316 -2.6419359730 0.4850175443 0.0000015957 0.8814113032 -3.7645066294 0.0000012666 2.1834447586 0.0000013800 0.8403547881 7.7533726310 104.4001843901 34.4589728585 1.8291817254 0.8966928691 0.0205447552 -3.5734447726 -6.4302323627 -8.7118037321 -1.1836017515 0.3513301641 0.1866548514 0.5570135852 -2.2954014552 0.0000002997
3.5272862986 0.0000155295 1.0714094640 0.0000077768 1.0701635115 0.5272508867 0.0174166749 -2.1775719076 0.7267746568 0.0000018867 -1.1279424104 0.6122503141 0.7135053064 0.5117722624 0.0000037579 0.6293568265 -2.3440572985 0.4493005413 0.0000021014 0.8838278326 -3.9412704308 0.0000009438 2.5938373246 0.0000024147 0.8081214870 9.5259940091 105.3738600874 34.6611247978 1.8235434026 0.8414777955 0.0404493358 -3.7225513910 -6.6337133641 -9.3884057560 -1.4542297915 0.2652116950 0.3063162566 0.4998720621 -2.6668232795 0.0000002153
3.1691095400 0.0000162728 1.0619351647 0.0000089410 1.0692262759 0.5327068382 0.0139217028 -2.2411338396 0.6388106458 0.0000046391 -1.0548191444 0.5747265889 0.7782361631 0.5429134788 0.0000034444 0.4835850525 -2.8256524319 0.5111804195 0.0000017665 0.8728192493 -3.6739711697 0.0000009676 2.6289774597 0.0000015103 0.8411461866 10.2233569659 101.8449030261 32.4890855080 1.6136456498 1.0708804675 0.0459252173 -2.6777014954 -6.6926982941 -9.2703654048 -1.6358930803 0.3724848348 0.3545633631 0.2741764323 -2.4409488333 0.0000004715
3.6245426572 0.0000164235 1.0637718015 0.0000104228 1.0654700449 0.1790581510 0.0173766555 -2.1550017866 0.6323780496 0.0000019246 -1.0421857627 0.6173126242 0.7689890669 0.4741785077 0.0000033735 0.6207142198 -3.0149212806 0.5625528626 0.0000016330 0.9511821095 -3.8559584590 0.0000011450 1.9514535199 0.0000019635 0.8344061148 8.8480645063 115.9463864853 40.4427023629 1.7493979529 0.9971941662 0.0366144888 -3.5846181353 -7.6547832194 -8.9767414918 -1.5204023526 0.7896655061 0.2314087688 0.2019843835 -2.4465070372 0.0000002303
3.6049582713 0.0000168856 1.0710796500 0.0000116517 1.0742418119 0.3258493876 0.0163217899 -2.0059162287 0.7255747698 0.0000031598 -1.3833946784 0.5525653522 0.7831399659 0.5454539453 0.0000039659 0.8131706706 -2.6460244714 0.5075848406 0.0000020780 0.8465647997 -3.9129042143 0.0000008033 2.3003494033 0.0000047312 0.8143666561 17.8609952432 126.9747441369 22.7404561624 1.5090680934 1.3803439618 0.0340521479 -3.6654367986 -7.8074329411 -9.5106495295 -1.7876610772 0.7902296240 0.4793594367 0.4719261690 -2.7242324915 0.0000003032
3.2510496164 0.0000164179 1.0754538077 0.0000070942 1.0691106207 0.2612115746 0.0207332802 -1.8143874752 0.6723487361 0.0000023172 -1.1834906587 0.5773647748 0.6615585505 0.5282484643 0.0000034198 0.4892345829 -2.7892367314 0.5450660365 0.0000018854 0.9026426893 -3.9172172134 0.0000013012 2.2405337361 0.0000039739 0.7694640995 8.6795854559 118.8842465115 34.9013388990 1.7283929137 1.4667290705 0.0341407181 -2.2671606925 -6.9353682335 -9.5530792300 -1.6923570988 0.4495912511 0.3852476549 0.4668031519 -2.9360791825 0.0000004179
3.1408392957 0.0000160125 1.0697064609 0.0000100009 1.0716258683 0.6271417469 0.0156794162 -2.0183578241 0.8095822933 0.0000032094 -1.1520482311 0.6795612980 0.7557992903 0.5353042257 0.0000029893 0.5661637404 -2.4711463838 0.5520968476 0.0000019078 0.8964187323 -3.9116507387 0.0000006654 2.3233023565 0.0000018455 0.8802727620 14.0095607464 96.6008877101 24.6037168759 1.3612584639 0.7908920133 0.0263375513 -2.1501196267 -7.2724002436 -9.6488702899 -1.6033844511 0.4228827855 0.1630253469 0.3642242284 -2.6259352273 0.0000003077
3.5135150119 0.0000159201 1.0572650556 0.0000106643 1.0663726299 0.7113210747 0.0262162678 -1.9818946258 0.8490304142 0.0000025348 -1.3065590621 0.6179674140 0.7848477578 0.5215727144 0.0000042684 0.7412834403 -2.3937990798 0.5064423000 0.0000018198 0.7574408271 -3.8865726710 0.0000007630 2.3689751186 0.0000020416 0.7690224186 7.8616902908 85.8327539322 28.1862571744 1.6493877334 0.6424939750 0.0314112642 -3.0018177178 -6.9465296945 -8.5130479866 -1.7032782875 0.5040244784 0.3394791338 0.3998807708 -2.6742681084 0.0000002758
2.9306055032 0.0000160435 1.0697754300 0.0000075589 1.0757815214 0.2850910015 0.0275192268 -2.1515725402 0.8115690396 0.0000036449 -1.2212542370 0.6050757020 0.7851771051 0.5408011786 0.0000036668 0.3882710719 -2.6989308567 0.5577302480 0.0000021182 0.7755835319 -3.7787817546 0.0000012327 1.7609226564 0.0000023902 0.8981360074 16.7688336046 138.3828525293 26.4926107249 1.4709094668 1.2560750409 0.0361587680 -3.3373399463 -6.8034294302 -9.2946766151 -1.2583758017 0.4055162668 0.2713034643 0.4058520216 -2.4433448655 0.0000005392
3.0250417874 0.0000165110 1.0566377110 0.0000096016 1.0667791783 0.5363860043 0.0145483109 -1.8943381966 0.6640874600 0.0000020899 -1.0397220735 0.6572587632 0.7957868243 0.5707934850 0.0000036726 0.7123758541 -2.2530705332 0.5462548295 0.0000018533 0.8222848247 -3.6535765516 0.0000008513 2.5620024917 0.0000035882 0.7891094174 8.6355219113 117.0841554223 11.4470014619 1.8654898108 1.6291598451 0.0348909445 -2.5821930587 -7.5299176799 -8.9374531640 -1.1643127080 0.8193277280 0.2511041171 0.3148766842 -2.3722548739 0.0000004402
2.5593986993 0.0000168852 1.0733801886 0.0000119283 1.0670538476 0.2289578630 0.0146394643 -1.9854330541 0.6669881798 0.0000043812 -1.4173651796 0.7135107873 0.8057935656 0.4928642928 0.0000037481 0.2839089520 -2.6479754402 0.5333471814 0.0000017931 0.7735040680 -3.7966469807 0.0000007367 2.7185176556 0.0000034117 0.8917232047 10.4121607179 79.8122764011 28.8943233024 1.6553660129 1.3456166420 0.0368892651 -3.5431088743 -7.5479807409 -8.2458620476 -1.6224411797 0.3660654897 0.2450321552 0.3444409308 -2.7513971339 0.0000006508
3.5920718134 0.0000161073 1.0710752563 0.0000106386 1.0737514480 0.2993614701 0.0147314716 -1.8529676113 0.6599668111 0.0000027746 -1.1810417588 0.6152313879 0.7934226113 0.5369774680 0.0000043669 0.5689489446 -2.8502685225 0.4232335346 0.0000018608 0.8043850168 -3.8364666987 0.0000007578 2.4331043967 0.0000016725 0.9025002492 11.4347891712 101.5826976640 32.7087457719 1.7336089266 0.4839780301 0.0415300729 -3.2719833616 -7.2423027049 -8.9264809183 -1.4622702801 0.4436941348 0.3711414453 0.3808200579 -2.5363239630 0.0000004603
3.4996620029 0.0000155763 1.0614072045 0.0000089552 1.0746549426 0.2332600001 0.0208716933 -1.7773960898 0.6089104280 0.0000036304 -1.0747415594 0.6703267675 0.8183756686 0.5297671060 0.0000035782 0.6400231739 -2.6882082730 0.4471866267 0.0000017877 0.8121129482 -3.8648667624 0.0000009842 2.4374922761 0.0000016691 0.7650841374 7.3314618711 136.9734510953 20.1353159124 1.6040116492 0.8228792267 0.0303935008 -3.3643659887 -7.5671490807 -9.0914417771 -1.6074005341 0.4706732796 0.2744741098 0.4501718718 -2.9790906008 0.0000004050
3.5310531459 0.0000155420 1.0588390965 0.0000116155 1.0672110333 0.3036087845 0.0148061951 -2.0878902756 0.8669057426 0.0000040571 -1.2259254754 0.7868314779 0.7909651011 0.4971196605 0.0000042500 0.5533337488 -3.1470169280 0.5779670299 0.0000018660 0.8717434485 -3.7310667308 0.0000012900 2.3506337482 0.0000022789 0.7500529054 13.8420078702 133.1750586476 38.8451520308 1.5555209656 0.5369112005 0.0227988701 -2.3577825385 -6.9747271181 -9.0958076772 -1.7415881067 0.3000512119 0.2519568650 0.6695450448 -2.7587839682 0.0000002963
3.5875625784 0.0000166809 1.0616866564 0.0000094087 1.0697546447 0.5415620796 0.0252691482 -2.2187884555 0.7080971497 0.0000054766 -1.1723792157 0.6542639559 0.7779370123 0.5526179421 0.0000047154 0.5032278170 -2.4692813690 0.5543520996 0.0000016749 0.7507050302 -3.7201555236 0.0000006928 2.2007976733 0.0000037089 0.9309660204 9.1366090384 143.1424516122 28.0557717724 1.4886200217 1.2941541535 0.0235179450 -2.3334728269 -6.8308250246 -9.2362125320 -1.6369041212 0.4500056350 0.1074843056 0.4243474789 -2.4090094763 0.0000006078
3.3218749291 0.0000168015 1.0754472677 0.0000116193 1.0721593962 0.7749756081 0.0231609958 -2.1397802084 0.6485479405 0.0000020735 -1.0431411588 0.7577584967 0.7882725464 0.4893979381 0.0000040788 0.5545722379 -3.0334001702 0.5685411775 0.0000017513 0.9187726476 -3.9049353282 0.0000006713 2.0068268231 0.0000037693 0.8475735899 11.3639414425 124.1192944302 20.2472512784 1.8770681517 1.0811029494 0.0277252454 -2.9449466464 -7.2678342837 -9.0098220218 -1.6861584028 0.6858828135 0.2267435345 0.5084159290 -2.3896066299 0.0000002680
3.4207445632 0.0000150529 1.0673286418 0.0000092176 1.0740542192 0.2634819734 0.0245075863 -2.0552327084 0.8256212274 0.0000022223 -1.1739228746 0.7193521915 0.6835280946 0.5107019981 0.0000037486 0.3270976669 -2.8184024546 0.5647111678 0.0000019230 0.8263301463 -3.6500408930 0.0000009358 2.3886009853 0.0000016369 0.8762267994 11.3667016378 113.5502875766 30.3531860101 1.8302566688 1.0331364270 0.0373090300 -3.6449228523 -6.8744351405 -8.3892221247 -1.6407854819 0.3119328206 0.4030879641 0.5497968988 -2.4002002364 0.0000002878
2.9306822277 0.0000148522 1.0720531957 0.0000102930 1.0689655398 0.4498906542 0.0195171404 -1.7810353547 0.7072587973 0.0000021367 -1.3157644285 0.4790388170 0.7300534901 0.4373939017 0.0000042305 0.3690189859 -2.6405174085 0.4403696656 0.0000021267 0.8966045149 -3.8792140236 0.0000014809 1.8312297044 0.0000026734 0.7141695015 11.7814162647 113.7909625826 20.6519466963 1.4228459746 1.0615664566 0.0408728106 -3.2008271782 -7.2151586486 -8.7610177241 -1.6959625235 0.5351534902 0.3093400616 0.2509159378 -2.8308823441 0.0000006526
2.8849675833 0.0000164010 1.0700634354 0.0000095862 1.0701373347 0.5621296185 0.0314436326 -2.0764539490 0.5419119687 0.0000021656 -1.3740152668 0.6296584399 0.7763615170 0.4631204592 0.0000037855 0.3999451341 -3.1341932676 0.5551806338 0.0000016412 0.6786140601 -3.7443753472 0.0000008128 2.5475193542 0.0000017288 0.8090288016 6.1984968382 95.8954993356 15.9163548605 1.8071585738 0.8240338571 0.0422218170 -3.4972589699 -6.8945803127 -9.1920706815 -1.7609775630 0.4607268831 0.1086529850 0.4715873613 -2.5232401712 0.0000005671
3.5024654427 0.0000152275 1.0691296453 0.0000091179 1.0722501914 0.8460525868 0.0137286163 -1.9114329703 0.6219113762 0.0000030186 -1.0511810293 0.6956382312 0.8363928259 0.5401081832 0.0000037236 0.5458250152 -3.0668117692 0.5216411515 0.0000017949 0.8357861490 -3.6363092176 0.0000014885 2.2720662087 0.0000030004 0.8552645467 7.9811951912 126.8436034654 31.2200937359 1.6399118888 1.0961819871 0.0383347981 -2.4447959468 -7.6560150045 -9.2762027220 -1.6946534200 0.3336059767 0.3881012382 0.4032874004 -2.6009206022 0.0000004795
3.3333852950 0.0000168149 1.0606105262 0.0000118573 1.0721336046 0.4949139908 0.0179034608 -2.0170849969 0.7696556951 0.0000052908 -1.2491362713 0.8039430312 0.7991301131 0.4896885910 0.0000038770 0.4812825776 -2.5550908691 0.5549827735 0.0000021402 0.6325044987 -3.7840363695 0.0000013495 2.2672590784 0.0000039618 0.9161314361 7.8880816707 123.1900813085 17.9693733170 1.2372929122 0.5046447860 0.0343436321 -3.6155378036 -6.8460400946 -8.5889609052 -1.3159370360 0.1628297113 0.3577151859 0.4376545823 -2.1801750837 0.0000002030
3.4177449939 0.0000157551 1.0745022390 0.0000087145 1.0727292218 0.2892859303 0.0169873851 -2.1614215801 0.8057511840 0.0000052180 -1.1648816727 0.6376790415 0.6795633743 0.4893511483 0.0000035730 0.3859033178 -3.0792495910 0.4309882177 0.0000021314 0.8894380128 -3.9354654771 0.0000008154 2.1945650518 0.0000023687 0.8072773393 9.3961303216 91.9477209083 17.7963188552 1.7014758123 1.1306578335 0.0283853222 -3.7034817086 -6.8904601275 -9.4642290854 -1.7828566554 0.3957530340 0.2546188889 0.1919777130 -2.4672463623 0.0000002386
3.5760324520 0.0000152184 1.0644204988 0.0000080864 1.0705805343 0.5056593959 0.0282488409 -2.0985378612 0.6430646058 0.0000028510 -1.3420553400 0.5017693817 0.7862271060 0.4666968813 0.0000031200 0.7092847332 -2.6959646263 0.5009146670 0.0000020467 0.7967945552 -3.8243916583 0.0000012527 2.7100045214 0.0000015917 0.8981025568 7.6761707629 144.1167471464 32.5186067366 1.4194347183 1.2065241379 0.0343101320 -2.8511365686 -7.5793368977 -8.6562146636 -1.6422559478 0.2406601131 0.0896919072 0.6193460705 -2.2739946078 0.0000004139
3.4755725668 0.0000169706 1.0692134378 0.0000093857 1.0656593350 0.3226770390 0.0202345053 -1.9698705748 0.8534542501 0.0000032009 -1.1904893296 0.6641866617 0.7182812287 0.5019657089 0.0000037242 0.4514527042 -2.7945384701 0.5516344960 0.0000018152 0.9492019827 -3.9448726886 0.0000011142 2.0393804250 0.0000026869 0.8812527934 15.3547939508 109.9078779727 15.4808901611 1.4945644878 1.1527142593 0.0329053451 -3.2402099176 -7.1499402534 -9.3431025055 -1.5551854052 0.4472260227 0.2593518302 0.6658344415 -2.8275906701 0.0000005710
3.4077019829 0.0000153016 1.0709428365 0.0000108536 1.0744940880 0.8998845702 0.0242098309 -1.9608832988 0.8271078349 0.0000041110 -1.0546072330 0.5204358564 0.8081361144 0.5360757965 0.0000031747 0.4830184757 -2.8891804692 0.5552819559 0.0000019244 0.7901374876 -3.7492965116 0.0000009699 2.0098613293 0.0000022599 0.7614206540 11.0938841431 77.6034759954 34.3973169019 1.7841793074 0.8960943692 0.0419019054 -2.5696217031 -6.5903974502 -8.8662889965 -1.6293387311 0.6535596499 0.1106260352 0.1346760860 -2.5829574999 0.0000003947
3.4125637312 0.0000156842 1.0702448312 0.0000113311 1.0738519022 0.3653481455 0.0153117219 -2.0563217617 0.8262062102 0.0000045739 -1.1653859716 0.7083102740 0.8259280252 0.5474233115 0.0000037178 0.4674625058 -2.9282430141 0.5394029480 0.0000017939 0.8614460354 -3.9077666694 0.0000009062 2.0278997515 0.0000034449 0.8124932878 11.9527823244 107.0133118521 34.0067148127 1.5322238294 1.3003718018 0.0358887426 -3.6826023695 -7.6100156269 -8.7318635727 -1.5601316434 0.6004992212 0.1939924034 0.3029427477 -2.4031169981 0.0000001932
3.1593393423 0.0000152566 1.0743837874 0.0000134119 1.0729163470 0.5497066073 0.0297698294 -2.1384891318 0.6497103223 0.0000020231 -1.0451473929 0.6506265817 0.7864016011 0.4269608697 0.0000039213 0.3478789085 -2.5038192168 0.5027633350 0.0000017238 0.7657912677 -3.7871769719 0.0000012510 2.4362962152 0.0000021071 0.7988668611 9.8880517430 142.5714167384 19.0719873273 1.8689663206 1.1893642044 0.0304182251 -2.6570228202 -6.8515064614 -9.1406357376 -1.8251222032 0.7702417160 0.2803435031 0.2875499376 -2.6377117925 0.0000002626
2.6750614690 0.0000150993 1.0607084626 0.0000092071 1.0655752478 0.1809478669 0.0191458870 -1.9372054051 0.5558292564 0.0000028562 -1.2520868717 0.7014673639 0.7860922235 0.5117667862 0.0000046826 0.6108787221 -2.2933074135 0.5040290518 0.0000019026 0.8758224377 -3.6843104568 0.0000012245 2.7666624243 0.0000037327 0.8437207730 9.1517473691 147.5308012745 27.8339494916 1.7659828443 0.6832724323 0.0319407798 -3.7223930889 -6.2659417976 -9.4021306881 -1.4960328833 0.4696551549 0.4063545547 0.5349893648 -2.4785766937 0.0000004648
3.3004977140 0.0000145123 1.0681409885 0.0000096246 1.0671149646 0.3655624508 0.0190797283 -2.1689527044 0.8329592535 0.0000039719 -1.1647347970 0.7425098672 0.7435293022 0.4989447153 0.0000028707 0.4840344807 -2.9827089788 0.5726684775 0.0000020013 0.8349474769 -3.9311064833 0.0000011847 2.1070295272 0.0000019651 0.8770365907 11.0229120815 117.7543298302 17.4128577738 1.8442461088 0.7648114707 0.0278023093 -3.7345880924 -6.5617337630 -8.6651154379 -1.5388046001 0.5942164941 0.2032264716 0.4480634147 -2.5459850044 0.0000005329
3.0458192558 0.0000147838 1.0663866435 0.0000084346 1.0722711997 0.7284879129 0.0293073325 -1.7909146584 0.6779314366 0.0000022613 -1.0707774887 0.6800208195 0.7631220071 0.5161657551 0.0000040166 0.1804055312 -2.2780206316 0.5202664269 0.0000018912 0.8056416122 -3.8798053822 0.0000016559 2.6219488782 0.0000017324 0.8419820371 9.3240751290 152.9439852138 30.0697099969 1.7457155462 1.1235742954 0.0429009571 -3.2293768668 -7.3653099875 -9.2447891808 -1.4783998605 0.5727529237 0.3746462479 0.2861349889 -2.1787683719 0.0000002008
3.2725525906 0.0000153350 1.0675878315 0.0000102313 1.0637210265 0.4950292058 0.0176547189 -2.1587403173 0.7648864443 0.0000026079 -1.1824158661 0.6761973147 0.8342212141 0.4964029618 0.0000037853 0.7947622736 -2.6225487620 0.5211800863 0.0000020171 0.7437903266 -3.8042917661 0.0000009454 2.1500082738 0.0000020341 0.8005833830 9.7690208225 143.0867875757 15.8858161894 1.8595123304 0.8587012494 0.0242290809 -3.5245433650 -7.0724123663 -9.2865569552 -1.5369987086 0.3635428182 0.4101178506 0.5539808764 -2.7974716847 0.0000002047
3.6395696496 0.0000147708 1.0598012821 0.0000133410 1.0763692803 0.3904361659 0.0178578393 -2.2067248476 0.7993388729 0.0000051324 -1.2434594578 0.7090763010 0.8063153717 0.4899737429 0.0000027805 0.6606202443 -2.5925317705 0.5326348271 0.0000018526 0.6976898540 -3.8727122969 0.0000012407 2.4296604464 0.0000015021 0.8864146983 10.6513656043 138.6561530159 39.5019665637 1.6048464659 0.6709823776 0.0214935411 -3.0374624193 -6.0236450022 -9.1071214651 -1.5949036753 0.4116831752 0.0885400944 0.3586756604 -2.2738280377 0.0000002963
3.0721618577 0.0000163945 1.0602755328 0.0000107735 1.0689479867 0.8149161964 0.0203497363 -2.0334745248 0.6054523168 0.0000051229 -1.0717264965 0.7336553596 0.7751596765 0.4995225651 0.0000034524 0.6065502884 -2.5450728651 0.5167604892 0.0000018829 0.7025160849 -3.9324988575 0.0000013123 1.8203795801 0.0000019808 0.8688065088 11.0414015818 141.6285342347 21.1021341364 1.7123729250 0.7178871673 0.0292399134 -3.7378477599 -7.1315074675 -9.1816849314 -1.6312013206 0.5121152886 0.1743747387 0.3956473139 -2.6147983945 0.0000002208
2.7600038765 0.0000165642 1.0639301962 0.0000103127 1.0720060034 0.7037399208 0.0148728655 -2.0251844994 0.8051599117 0.0000043833 -1.2019640900 0.7424035843 0.7492013506 0.5125779864 0.0000031602 0.6983747832 -2.5493141430 0.5326698617 0.0000020917 0.9634812275 -3.9638941890 0.0000007723 2.3278288118 0.0000029197 0.8577208571 16.9247262026 110.8286412063 31.1652777165 1.6948275492 0.7308645938 0.0409137489 -3.7248153528 -7.9025765085 -8.9092149526 -1.6898175216 0.6449124505 0.3086408209 0.3703046276 -2.5723122035 0.0000004373
3.1324550345 0.0000159675 1.0644897573 0.0000095701 1.0742064659 0.3235790029 0.0169546396 -2.0295061399 0.8639931815 0.0000038109 -1.1568496258 0.4602623465 0.6622245086 0.5031091752 0.0000033885 0.7300373508 -2.4548682095 0.5194657458 0.0000021262 0.8187295549 -3.8761888798 0.0000006775 2.4338314737 0.0000017031 0.8637748101 8.6118692772 133.5018082814 18.6177213708 1.8738027335 1.0082356644 0.0365257672 -2.8087729058 -8.1324658977 -9.4625341092 -1.5680164568 0.4844217411 0.3269104698 0.4178279873 -2.5361089711 0.0000002371
3.1471298058 0.0000157758 1.0668063648 0.0000120935 1.0691072235 0.4514650781 0.0155507145 -2.0556479547 0.7909900169 0.0000021803 -1.0436064638 0.6627667079 0.6971885746 0.4995555574 0.0000034983 0.4343422376 -2.6917879694 0.5581598432 0.0000018687 0.5837776186 -3.8035731690 0.0000008939 2.3564031376 0.0000016444 0.7946598416 10.9129015721 122.7635890779 21.1541193797 1.4544546859 1.1005349228 0.0381909888 -3.5370299233 -6.7421032828 -9.1811049341 -1.8488807337 0.3699579441 0.2120134033 0.4025733678 -2.7147334990 0.0000005019
3.4973404689 0.0000162177 1.0696983956 0.0000099359 1.0683913190 0.4175175311 0.0145902863 -1.6955875521 0.7193231584 0.0000023040 -1.2854241428 0.5603187757 0.7111058633 0.5374209047 0.0000037043 0.5516923880 -2.6600636285 0.5653823774 0.0000019994 0.9499422266 -3.8282159571 0.0000013043 2.1094778932 0.0000016842 0.8840620095 7.7371788314 131.0446992888 26.5943081895 1.7272060613 0.7435901834 0.0334363091 -2.9356056056 -7.3339108128 -8.5713555709 -1.6407136868 0.8542727750 0.2896921736 0.3291746529 -2.2370430353 0.0000005955
3.4106876833 0.0000168974 1.0700381260 0.0000084199 1.0709231974 0.5104151408 0.0256160573 -2.0377058291 0.8364164861 0.0000029116 -1.2346468642 0.7394492015 0.7501634631 0.5298734641 0.0000038822 0.5507281210 -2.8062488345 0.5678883087 0.0000018409 0.6220424315 -3.9366460356 0.0000008191 2.5507141487 0.0000015814 0.8329233388 9.8239455880 94.3132768478 28.8676910680 1.8105833511 1.1866498908 0.0251575212 -2.7644978873 -7.6149773810 -9.6226351638 -1.4801214190 0.2923154129 0.2748879692 0.3829386394 -2.2988285964 0.0000008273
3.5898714664 0.0000168586 1.0665247189 0.0000094730 1.0706765199 0.3298322151 0.0204170909 -2.0407784345 0.7423963336 0.0000029522 -1.3961866704 0.6844616450 0.8576808637 0.4818765629 0.0000025719 0.3985405494 -3.0280102682 0.5338654543 0.0000016353 0.8206416028 -3.8642907204 0.0000011276 2.7115035179 0.0000037314 0.8279677030 12.7862005316 131.8083792024 44.6417341751 1.6101711965 0.8510241351 0.0416528214 -3.6983434821 -7.4456155170 -9.1600872298 -1.7637377923 0.7811911215 0.3200844162 0.6211666320 -2.2219935135 0.0000007845
3.4992372835 0.0000147028 1.0664711155 0.0000079445 1.0692367062 0.2838631667 0.0173920313 -2.0608811490 0.7952585434 0.0000027896 -1.2012888145 0.6271730212 0.7728399462 0.5355024082 0.0000032695 0.3728395886 -2.5771057101 0.5206064072 0.0000020708 0.8992192809 -3.8858680214 0.0000006540 2.3011970675 0.0000041486 0.7734075670 8.0530265771 153.1502645548 13.5988041918 1.8589883559 0.8784113164 0.0294933046 -2.7242695780 -6.8099147939 -8.9376104223 -1.8036706895 0.6528053647 0.3119420493 0.4109115378 -2.1589187950 0.0000003017
3.2703904653 0.0000153595 1.0625507457 0.0000087867 1.0708604740 0.7783719386 0.0179942054 -2.2380274226 0.8170452071 0.0000031930 -1.2786712438 0.5488827101 0.7214003951 0.5417171810 0.0000030881 0.2980104763 -3.1559268700 0.5474834724 0.0000017619 0.9421519855 -3.9094733740 0.0000008611 2.4221142174 0.0000015247 0.8708393980 11.6117152131 105.1237758108 9.9513800277 1.6120440774 0.7950648201 0.0231806414 -3.4706340096 -7.2769492662 -8.5800347941 -1.4941099865 0.6729447780 0.1254353349 0.6282737215 -2.4590976489 0.0000001991
3.6115879624 0.0000155423 1.0693662296 0.0000073856 1.0751240333 0.7952661942 0.0182778797 -1.9959222488 0.7964757515 0.0000025245 -1.1151856316 0.6030919754 0.6851393544 0.4487888828 0.0000039110 0.5741208632 -2.8461805352 0.5591377357 0.0000019276 0.8981530768 -3.7742250045 0.0000010520 2.5216122866 0.0000032500 0.8717900099 10.3729416644 159.1832193961 24.5677761257 1.4623136160 1.2559399579 0.0373452191 -3.3235250411 -6.5556691937 -9.0166390541 -1.6114755889 0.6438235502 0.1515584784 0.4288544426 -2.5824479268 0.0000003276
2.9754398116 0.0000155810 1.0647406748 0.0000097805 1.0697367922 0.6919300835 0.0210817260 -2.1388105472 0.6718034523 0.0000036025 -1.2880325285 0.6968841399 0.7434734051 0.5126549455 0.0000035917 0.6388725215 -3.0438434000 0.5337309346 0.0000019591 0.8339638628 -3.9008819320 0.0000007254 2.1132441939 0.0000031690 0.8230329118 6.1125239812 110.5898940845 24.9035491474 1.7302303769 1.5064781170 0.0258112143 -3.6701539384 -6.8535115963 -8.7011566662 -1.4030018382 0.3580982395 0.1432082742 0.5281084963 -2.3501877853 0.0000005430
2.6430421102 0.0000163551 1.0562771370 0.0000104762 1.0670182665 0.9058057131 0.0274169927 -1.9768139541 0.5999101188 0.0000023351 -1.1165605384 0.5555797362 0.8234696080 0.4732598016 0.0000039092 0.6271883948 -2.9262157454 0.5470012441 0.0000017730 0.9543149271 -3.8385871078 0.0000013637 2.5813361399 0.0000047897 0.9112568915 15.5658475816 96.4381198670 36.8239714726 1.6411228532 1.0185387742 0.0263250116 -2.5689660979 -6.1615519989 -9.3725058252 -1.2802656900 0.5571098729 0.4205012749 0.3366337940 -3.0188988352 0.0000002113
2.8355519470 0.0000160211 1.0666406952 0.0000093909 1.0689485513 0.5978637291 0.0276314504 -2.2530010658 0.6538254530 0.0000023281 -1.2501194218 0.5022460693 0.7520049752 0.5292275421 0.0000033986 0.4239509154 -2.5944623167 0.5514930391 0.0000016884 0.6444073056 -3.6750260543 0.0000007403 2.1515208322 0.0000021235 0.9087897468 10.3484634523 87.0315875634 37.9736124806 1.2366498420 0.5338138431 0.0407555510 -3.0878981078 -6.4994764262 -9.2580613717 -1.2531023330 0.6210016846 0.4067833077 0.5401334962 -2.3620883972 0.0000003421
3.5441677058 0.0000147433 1.0675872377 0.0000096673 1.0691025132 0.6149886322 0.0177845429 -1.7297717646 0.7360246414 0.0000018029 -1.2142766439 0.7492025875 0.8150115244 0.4654407083 0.0000028055 0.3627243729 -2.6011590121 0.5448157838 0.0000018842 0.9575423018 -3.8388473909 0.0000013859 2.5111790047 0.0000019898 0.7590753575 13.4668724110 135.5357274363 36.7011469316 1.3452419089 0.8318541624 0.0359748707 -3.1694447158 -7.6008860733 -8.4434746251 -1.6000487600 0.6147272419 0.3441679001 0.3250397962 -2.5545393414 0.0000003130
3.3246873874 0.0000159187 1.0627426071 0.0000125529 1.0660965733 0.6131478037 0.0170487397 -2.0440478535 0.7366539893 0.0000019834 -1.2165984403 0.7115287003 0.8208251235 0.5222902765 0.0000047225 0.4861842017 -2.7338801699 0.5511734680 0.0000021658 0.9285139188 -3.8144116398 0.0000007751 1.9551878038 0.0000023647 0.8862873841 10.3698845128 121.5048547514 19.1322287304 1.4820251063 0.7216871252 0.0308083274 -2.1229553943 -6.9886106521 -8.5837620766 -1.6704556388 0.3947896175 0.1375541623 0.1684784391 -2.4573387307 0.0000002777
2.9663712013 0.0000162582 1.0691303166 0.0000110256 1.0665659120 0.4119826493 0.0185248620 -1.8278796467 0.7561801842 0.0000040612 -1.1056641820 0.5537269279 0.6868920229 0.4682668962 0.0000031318 0.5239936329 -3.0499012172 0.4886070202 0.0000020190 0.9450833902 -3.9546387805 0.0000016205 2.1592684860 0.0000036440 0.8342036920 15.6515726695 105.4641399925 25.8414789171 1.8171552962 1.3196967547 0.0332475765 -3.3920279207 -8.2598350131 -9.0563874679 -1.5166954894 0.3407451019 0.2629677653 0.2776858449 -2.6334295352 0.0000005413
3.3610690144 0.0000150359 1.0690298119 0.0000100993 1.0716457845 0.3977052819 0.0201054497 -2.0416533683 0.7060504711 0.0000026253 -1.1765658037 0.5879113318 0.7886320202 0.5043367180 0.0000031827 0.7416988202 -2.7253369544 0.5269111119 0.0000019034 0.7647763675 -3.9317538999 0.0000010430 2.3545403821 0.0000031396 0.9582884835 9.2878014062 124.4652902551 32.6677587759 1.8690280068 0.6180051416 0.0397394588 -2.4273927941 -6.0306605359 -9.1421408690 -1.5067092743 0.4240360394 0.1602591263 0.1715435479 -2.6371801844 0.0000005091
2.9517890623 0.0000168295 1.0709729917 0.0000091585 1.0685919005 0.2818938478 0.0186629798 -2.2438654622 0.8068994710 0.0000020831 -1.2120750564 0.7910037470 0.8637263723 0.5568574277 0.0000032328 0.7028599877 -2.7837074283 0.5362927323 0.0000016120 0.7147708433 -3.9487255968 0.0000007003 2.3485070454 0.0000024095 0.7954944967 10.3375892927 107.3223402775 23.7327780817 1.7105516944 1.5230253970 0.0250473514 -2.8228723500 -7.5892817145 -9.1662178633 -1.5097189720 0.4918548631 0.2058880992 0.6591504109 -2.9988333927 0.0000004337
3.5242443976 0.0000147615 1.0702267419 0.0000119392 1.0755972920 0.5194570283 0.0214885905 -1.8811183434 0.8515070964 0.0000036437 -1.0723953900 0.6978982485 0.7554162766 0.4875875521 0.0000049217 0.7387446659 -2.5372708646 0.4260428501 0.0000020124 0.8864153190 -3.7598057815 0.0000006899 2.5689626216 0.0000019051 0.8094622113 13.1999044439 115.1725189033 30.7276691912 1.3919358059 1.0863574547 0.0271093893 -2.3018803167 -6.9789596730 -9.5760117487 -1.6435807319 0.5306896144 0.1812303446 0.7768934059 -2.6002202954 0.0000007292
3.3096523088 0.0000169767 1.0702898110 0.0000089436 1.0675839398 0.3065668317 0.0199122855 -1.9721187961 0.6569934300 0.0000029316 -1.1448158136 0.6757499284 0.6625096780 0.5446345708 0.0000040107 0.6842916531 -2.6322271007 0.5606107350 0.0000016858 0.8486272457 -3.7272217224 0.0000006952 2.7851818457 0.0000031343 0.8436407427 9.7692065845 141.8994187314 21.8963129739 1.7046721172 1.0358888548 0.0380412258 -2.3740330953 -6.6060704202 -8.5698711861 -1.8028057797 0.6715795892 0.3588095741 0.5245536656 -2.6103058982 0.0000002287
3.2443371128 0.0000150237 1.0647240130 0.0000093222 1.0655584177 0.2906358051 0.0169503941 -1.9052714881 0.7930947280 0.0000013124 -1.2721704471 0.5930145799 0.8504807673 0.5677655715 0.0000039995 0.7956032843 -2.6865314705 0.5384531245 0.0000019859 0.8506185916 -3.9298774126 0.0000010308 1.9477377425 0.0000036344 0.8066150556 9.9462623729 127.8605002671 23.9767288832 1.8540207466 1.3252491329 0.0378948947 -1.9587347847 -7.7905196122 -8.7119807737 -1.6987151138 0.6281378159 0.1471354291 0.2475357639 -2.7493065311 0.0000002479
3.1564840267 0.0000168462 1.0720960685 0.0000120392 1.0723829353 0.4785349950 0.0172400168 -2.0586405773 0.7786186691 0.0000022931 -1.0614064464 0.5901975775 0.8391079350 0.5445125510 0.0000049624 0.4910938302 -2.6895017504 0.4736312664 0.0000020764 0.9442039873 -3.9223817906 0.0000012438 2.1430521619 0.0000022402 0.8858254296 17.4673791018 133.9150772472 35.9899218078 1.8083839491 0.4957213821 0.0444873231 -3.6227255367 -6.6092734176 -9.1611526215 -1.7317476784 0.5780810167 0.2860984433 0.6132581103 -2.7297553825 0.0000003536
3.4719785385 0.0000169417 1.0687772610 0.0000100565 1.0740977717 0.3711042505 0.0176290379 -1.9766694646 0.7412754196 0.0000019516 -1.2188871302 0.4631593416 0.7755359398 0.4514506973 0.0000030721 0.2310213422 -2.2644135913 0.5572815056 0.0000019264 0.8758145264 -3.8975385894 0.0000008926 2.2208130371 0.0000029456 0.8508583885 11.4122252559 123.1033983959 22.2408734153 1.5572064598 1.2477392491 0.0337786962 -2.6682269578 -8.3194330986 -9.3221630939 -1.7524713220 0.3903731629 0.4738395983 0.5148487769 -2.5047186928 0.0000005070
3.2240253328 0.0000170634 1.0668671751 0.0000109762 1.0679664487 0.2714037827 0.0144838030 -1.8585791988 0.6337354253 0.0000032579 -1.3870133941 0.7026712230 0.7802090241 0.5376287597 0.0000048785 0.2708880084 -2.5095603101 0.5485605092 0.0000018546 0.7855859776 -3.8228208685 0.0000009215 2.3157299085 0.0000022408 0.7943854764 12.5250520211 160.8840037567 40.6918827283 1.4127827150 0.6669648386 0.0249860120 -2.6493727755 -7.3084680991 -9.2669057174 -1.2935801591 0.4914610577 0.3003070360 0.3510918973 -2.6737890523 0.0000004619
2.8303679003 0.0000167771 1.0699150495 0.0000102947 1.0670859883 0.6634390744 0.0152673725 -1.9796850117 0.8093375238 0.0000021942 -1.1677838297 0.4664367707 0.7158388249 0.4122663485 0.0000033623 0.4588615253 -2.6830410526 0.5522516265 0.0000016261 0.8149565208 -3.8128338478 0.0000010303 2.3265774612 0.0000024263 0.8554379850 12.1200464177 100.1759526919 23.5874481538 1.8725425209 1.3173207961 0.0367637379 -2.9558503801 -7.2678360657 -9.4797946514 -1.8710026281 0.4276270436 0.1225547801 0.4106832156 -2.3650195299 0.0000002170
2.8915363956 0.0000167388 1.0655908096 0.0000105579 1.0668762758 0.7112512771 0.0225845193 -2.0879775413 0.8772308345 0.0000015664 -1.3200039236 0.4160430641 0.8242419080 0.4892440066 0.0000040190 0.3932866824 -2.6945620169 0.5146405613 0.0000015843 0.7100318799 -3.7902807739 0.0000009859 2.5739765311 0.0000025429 0.9166353840 13.9761599909 101.9265347118 13.4046402095 1.8533891476 1.0437801139 0.0383847157 -3.4584596492 -7.4054939620 -8.8578995801 -1.5200831312 0.3741842765 0.4029609736 0.4754426375 -2.8676327648 0.0000008024
3.7444661326 0.0000164932 1.0682106059 0.0000092193 1.0701780805 0.2468599090 0.0177555433 -1.9656349804 0.7893238043 0.0000015189 -1.2609404824 0.7029140836 0.7717878377 0.5439521164 0.0000037319 0.3398653451 -3.1746072487 0.5604644458 0.0000019299 0.7387693700 -3.6875965600 0.0000011163 2.5074913378 0.0000033077 0.9005646350 14.4150331983 84.4357220972 22.3520732049 1.3202124784 0.5750197910 0.0279061724 -2.1415571738 -7.1044965461 -9.0577803255 -1.2669133532 0.1572583210 0.2850553886 0.1748617361 -2.5083100835 0.0000003163
